ms,ca,cb,caper,cbper,q,qdes,dq,dqdes,pa,pb,Ta,Tb,pid_u
0,3.0000001116912087,2.9999998883087913,60.00000223382417,59.99999776617583,0.0,4.3435436702222944e-10,0.0,0.000223375901363997,359.9972527472528,359.4505494505495,2.6275990053929377,2.631696813708406,2.2338241672173243e-06
33,3.0012121008666814,2.9987878991333186,60.02424201733363,59.97575798266637,0.0,0.03199958865661754,0.0,1.9172838747245557,360.72619047619054,361.0906593406594,2.627441376823229,2.6327162973228195,0.024239783509458452
66,3.004157751877866,2.995842248122134,60.08315503755732,59.91684496244268,0.0,0.12810084246103484,0.0,3.8361026047604097,360.5439560439561,360.36172161172163,2.6278914091757333,2.6319076927621947,0.05891302022369059
100,3.0093814853357093,2.9906185146642907,60.18762970671418,59.81237029328582,0.0,0.288064363606267,0.0,5.752531286831693,359.9972527472528,359.9972527472528,2.6278914091757333,2.6317495310957217,0.10447466915686693
133,3.0174411431429173,2.9825588568570827,60.34882286285835,59.65117713714165,0.0,0.510761132642116,0.0,7.659900750683262,362.184065934066,362.00183150183153,2.6277780932954284,2.6317495310957217,0.16119315614416213
166,3.026949430530158,2.973050569469842,60.538988610603155,59.461011389396845,0.087890625,0.7991724146728214,2.627080569172031,9.581521186021837,361.6373626373627,359.63278388278394,2.62877050824483,2.6327443422178107,0.1901657477448098
200,3.039773881589665,2.960226118410335,60.7954776317933,59.2045223682067,0.17578125,1.1492631962952302,2.64502585049081,11.490104312370155,363.8241758241759,359.8150183150184,2.6315982088534535,2.6327162973228195,0.2564890211901409
233,3.056572425198585,2.943427574801415,61.13144850397169,58.86855149602831,0.263671875,1.5654495201646106,2.6292301241386755,13.4101537065462,365.2820512820513,360.90842490842493,2.6315982088534535,2.636063485674596,0.33597087217839233
266,3.0759252416535663,2.9240747583464337,61.518504833071326,58.481495166928674,0.439453125,2.042942976902281,5.288156767316664,15.319420745754448,366.5576923076923,359.8150183150184,2.6355502230662893,2.636063485674596,0.3870563290996358
300,3.0978313566898077,2.9021686433101923,61.95662713379616,58.04337286620384,0.703125,2.5872427290659497,7.886239965714234,17.239823267976455,368.7445054945055,360.5439560439561,2.6399629702528404,2.6410084307247077,0.4381223007248332
333,3.1261637498790305,2.8738362501209695,62.52327499758061,57.47672500241939,0.87890625,3.1916312192721166,5.291526158646116,19.147874577050402,372.57142857142856,358.7216117216118,2.64772448347119,2.644812817728,0.5666478637844481
366,3.1482626710985686,2.8517373289014314,62.96525342197137,57.03474657802863,1.58203125,3.8620992101630547,21.084873690277746,21.063276786675065,374.21153846153845,351.9789377289377,2.64772448347119,2.6423797230680712,0.44197842439076296
400,3.1619132293266534,2.8380867706733466,63.23826458653307,56.76173541346693,2.724609375,4.588679296058505,34.24694308025177,22.01382024920027,376.5805860805861,346.51190476190476,2.647003441100974,2.6423797230680712,0.2730111645616984
433,3.1831442153224225,2.8168557846775775,63.66288430644845,56.33711569355155,3.427734375,5.321803416493149,21.113024290542057,22.01382024920027,381.5009157509158,342.3205128205128,2.634061067462363,2.640273785023624,0.4246197199153757
466,3.2134858364488372,2.7865141635511628,64.26971672897675,55.73028327102326,3.779296875,6.056351941169518,10.536041420502857,22.01382024920027,383.50549450549454,338.1291208791209,2.6341467222400348,2.6359413429473304,0.6068324225282934
500,3.2457862960331574,2.7542137039668426,64.91572592066315,55.08427407933685,4.21875,6.79034439666065,13.180029344070288,22.01382024920027,384.7811355311356,334.30219780219784,2.6341467222400348,2.6295612768572254,0.6460091916864051
533,3.2795044580153343,2.7204955419846657,65.59008916030669,54.40991083969331,4.74609375,7.525715974033693,15.786373690848013,22.01382024920027,389.7014652014652,331.5686813186813,2.6339307755065193,2.6295612768572254,0.674363239643543
566,3.3139538696457174,2.686046130354283,66.27907739291435,53.72092260708566,5.361328125,8.258147495632294,18.491365462833645,22.01382024920027,392.6172161172161,327.0128205128205,2.6322484641363286,2.6290828286452093,0.6889882326076501
600,3.346565845535839,2.653434154464161,66.93131691071679,53.06868308928322,6.15234375,8.993036420005161,23.69511256128777,22.01382024920027,397.1730769230769,322.4569597069597,2.6298934683592616,2.6260524538379615,0.6522395178024353
633,3.381903924481947,2.618096075518053,67.63807848963894,52.361921510361064,6.85546875,9.726788770865435,21.09494755903888,22.01382024920027,401.5467032967033,319.35897435897436,2.6298934683592616,2.6237745801311676,0.7067615789221501
666,3.418683399360134,2.581316600639866,68.37366798720268,51.62633201279732,7.55859375,10.460650354207742,21.091807657002065,22.01382024920027,406.28479853479854,313.709706959707,2.6290220711522476,2.6196835714470295,0.7355894975637354
700,3.4548265032982983,2.5451734967017017,69.09653006596596,50.903469934034035,8.349609375,11.191602062834455,23.82274448167617,22.01382024920027,410.4761904761905,310.61172161172163,2.6262345686502457,2.6196835714470295,0.7228620787632877
733,3.4918047829210104,2.5081952170789896,69.8360956584202,50.163904341579794,9.140625,11.927655254153288,23.657632340209442,22.01382024920027,415.5787545787545,307.14926739926733,2.6244301811519795,2.615201135292018,0.739565592454238
766,3.53143310355817,2.4685668964418297,70.6286620711634,49.371337928836596,9.84375,12.660193978698146,21.12986072219856,22.00189920532908,418.312271062271,301.5,2.6244301811519795,2.6112148363332106,0.792566412743197
800,3.5672261787694373,2.4327738212305627,71.34452357538875,48.65547642461125,10.72265625,13.360666876483911,26.40716768796794,20.09020168189417,423.77930402930394,296.76190476190476,2.6209235371982054,2.6031742358581367,0.7158615042253482
833,3.603317424754528,2.3966825752454723,72.06634849509057,47.93365150490944,11.513671875,13.999560734703973,23.686270404528127,18.17203286143136,428.5173992673993,292.75274725274727,2.61533809682151,2.6031742358581367,0.7218249197018107
866,3.6397289392055,2.3602710607945,72.79457878411,47.20542121589,12.216796875,14.57226177655727,21.13756521464675,16.261405348474927,432.8910256410256,288.37912087912093,2.6044575421129195,2.6001966621300965,0.7282302890194373
900,3.6746972551128154,2.325302744887185,73.4939451022563,46.5060548977437,12.919921875,15.083693059166448,21.03680127571713,14.34162614218311,437.0824175824176,283.4587912087911,2.6044575421129195,2.5935555177714917,0.6993663181462985
933,3.707537588191301,2.292462411808699,74.15075176382602,45.84924823617398,13.623046875,15.529553971825017,21.10818821234678,12.428339542227931,441.82051282051276,280.90750915750914,2.5959034053375767,2.585814516810375,0.6568066615697193
966,3.7376890628461785,2.2623109371538215,74.75378125692357,45.246218743076426,14.326171875,15.912088052758405,21.08376093411486,10.512836241739077,446.37637362637355,275.98717948717945,2.593048795800506,2.585814516810375,0.6030294930975556
1000,3.7645137233374095,2.2354862766625905,75.29027446674819,44.70972553325181,15.029296875,16.231058407936978,21.060499683366775,8.595217274326295,448.5631868131868,271.43131868131866,2.5872119790085546,2.5821643344279925,0.5364932098246108
1033,3.787313311670405,2.212686688329595,75.74626623340811,44.2537337665919,15.732421875,16.48563588982209,21.095627932240117,6.680791508677782,453.1190476190476,268.5155677655677,2.5872119790085546,2.574450210829078,0.4559917666599125
1066,3.807399108730067,2.1926008912699335,76.14798217460134,43.85201782539867,16.34765625,16.675937046341325,18.51315851831247,4.771999882761631,455.67032967032964,265.5998168498168,2.5813518184371262,2.5676617562969946,0.40171594119322507
1100,3.828878698423324,2.171121301576676,76.57757396846648,43.42242603153352,16.69921875,16.80323756318909,10.5309687093532,2.8545118163435026,456.76373626373623,263.0485347985348,2.5727365383110876,2.5676617562969946,0.42959179386514235
1133,3.8491730374990665,2.1508269625009335,76.98346074998133,43.01653925001867,16.962890625,16.866527387635553,7.897691876126043,0.9368939403173767,459.6794871794871,260.6794871794871,2.5673948796931256,2.564470642240893,0.4058867815148559
1166,3.8625700176068096,2.137429982393191,77.25140035213619,42.74859964786381,17.40234375,16.86950481437876,13.214892164016225,-0.5505074428865238,463.1419413919413,258.49267399267393,2.563469176620442,2.558169978911436,0.2679396021548551
1200,3.869433337603041,2.130566662396959,77.38866675206081,42.611333247939186,17.9296875,16.833140675087247,15.831105990088442,-1.6328294919393043,464.41758241758237,257.0347985347985,2.563469176620442,2.5550123749559437,0.13726639992462997
1233,3.8766046054780423,2.1233953945219577,77.53209210956085,42.46790789043915,18.193359375,16.760354118607594,7.883362435609327,-2.7195710450466435,467.15109890109886,256.3058608058608,2.5472900659968567,2.5550123749559437,0.1434253575000373
1266,3.8816890940330224,2.118310905966977,77.63378188066045,42.36621811933954,18.369140625,16.651966896377317,5.286628218927731,-3.7999291589145145,466.0576923076922,254.6657509157509,2.5433217873782423,2.5543108156675296,0.10168977109960688
1300,3.88701046765087,2.11298953234913,77.7402093530174,42.2597906469826,18.369140625,16.507017540061376,0.0,-4.884546722228184,467.15109890109886,254.1190476190476,2.542992619691961,2.551551553508222,0.1064274723569496
1333,3.887572710189957,2.112427289810043,77.75145420379914,42.24854579620086,18.45703125,16.326659769865813,2.64351732142843,-5.9648217870110445,467.5155677655677,254.84798534798531,2.542992619691961,2.5500323047571216,0.011244850781734622
1366,3.8863105670268197,2.1136894329731803,77.7262113405364,42.273788659463605,18.45703125,16.109780997963323,0.0,-7.047883967115083,466.96886446886435,253.57234432234426,2.5420671264049743,2.5500323047571216,-0.025242863262751172
1400,3.8795042062214704,2.1204957937785296,77.59008412442941,42.40991587557059,18.544921875,15.855958678497075,2.62855592729396,-8.13430781528506,466.96886446886435,253.20787545787542,2.540430581594927,2.550433360982654,-0.1361272161069842
1433,3.870060697544332,2.1299393024556683,77.40121395088664,42.598786049113365,18.544921875,15.566761379212933,0.0,-9.217377793460212,465.8754578754578,254.1190476190476,2.5398790381311733,2.549052712422211,-0.18887017354277286
1466,3.856266682018386,2.143733317981614,77.12533364036771,42.874666359632286,18.544921875,15.241997009730047,0.0,-10.298758197204757,466.4221611721611,253.20787545787542,2.5398790381311733,2.548997061276058,-0.27588031051893347
1500,3.83768628639167,2.16231371360833,76.7537257278334,43.246274272166595,18.544921875,14.880055678701765,0.0,-11.383526749903503,466.78663003662996,254.6657509157509,2.539655855244987,2.548997061276058,-0.3716079125343098
1533,3.8140909514193337,2.1859090485806663,76.28181902838668,43.71818097161332,18.544921875,14.485641401281411,0.0,-12.125297589671607,466.60439560439556,254.6657509157509,2.5390208880915655,2.5502805467119205,-0.47190669944672065
1566,3.785608470859492,2.214391529140508,75.71216941718984,44.28783058281016,18.544921875,14.08178057387235,0.0,-12.125297589671607,464.41758241758237,254.301282051282,2.539036714640614,2.5490151961508674,-0.5696496111968328
1600,3.7540684714766157,2.245931528523384,75.08136942953232,44.91863057046768,18.45703125,13.676839685561127,-2.631742099227509,-12.125297589671607,462.77747252747247,255.21245421245413,2.539036714640614,2.5488706762634648,-0.6307999876575187
1633,3.7220609814937013,2.277939018506299,74.44121962987403,45.55878037012598,18.193359375,13.272547949328839,-7.907903288344185,-12.125297589671607,462.5952380952381,262.684065934066,2.5396458051348088,2.5488706762634648,-0.6401497996582945
1666,3.711083632959807,2.288916367040193,74.22167265919614,45.778327340803855,16.875,12.868727984192663,-39.585709306418096,-12.125297589671607,454.7591575091575,268.3333333333333,2.540036426600308,2.566117611157632,-0.21954697067788193
1700,3.7137100357204638,2.286289964279536,74.27420071440928,45.72579928559072,15.205078125,12.464504283007981,-50.091817047180655,-12.125297589671607,448.9276556776557,273.61813186813185,2.56749871451714,2.5717972870004817,0.05252805521313553
1733,3.6949836315640288,2.3050163684359712,73.89967263128058,46.10032736871942,14.853515625,12.05940802115548,-10.522930807544839,-12.125297589671607,446.74084249084245,277.2628205128205,2.56749871451714,2.570211985840794,-0.37452808312869446
1766,3.666631494812798,2.333368505187202,73.33262989625595,46.66737010374404,14.853515625,11.65520250792334,0.0,-12.125297589671607,445.282967032967,279.6318681318681,2.574568104521191,2.5870770793396907,-0.5670427350246219
1800,3.6436549952186823,2.3563450047813177,72.87309990437365,47.126900095626354,14.4140625,11.24505270089183,-12.991594354027812,-12.125297589671607,440.9093406593406,279.99633699633694,2.5694745949878994,2.5870770793396907,-0.4595299918823099
1833,3.621949531119705,2.378050468880295,72.4389906223941,47.561009377605906,13.88671875,10.847405166993038,-16.080069296823158,-12.125297589671607,439.08699633699626,283.4587912087911,2.5726775831616293,2.587152667151431,-0.4341092819795523
1866,3.595816344577222,2.4041836554227776,71.91632689154444,48.08367310845555,13.53515625,10.444129482193592,-10.570436290967706,-12.125297589671607,435.4423076923077,286.01007326007334,2.5726775831616293,2.58862417502679,-0.5226637308496526
1900,3.572029074905069,2.427970925094931,71.44058149810138,48.55941850189862,13.0078125,10.039145702269428,-15.77890345039587,-11.99694926036888,432.8910256410256,288.5613553113553,2.576345359472531,2.5917195521088936,-0.47574539344306266
1933,3.5487092572613017,2.4512907427386983,70.97418514522603,49.02581485477397,12.48046875,9.656989838716362,-15.806904924222454,-10.91297012871056,430.15750915750914,291.4771062271063,2.58175802848687,2.5917195521088936,-0.4663963528753486
1966,3.526220750563965,2.4737792494360344,70.5244150112793,49.47558498872069,11.953125,9.311914948718076,-15.851259232079874,-9.832024140565489,426.14835164835165,295.1217948717949,2.5841433236694007,2.59654830262374,-0.44977013394672216
2000,3.5028526855104922,2.4971473144895078,70.05705371020984,49.94294628979016,11.513671875,9.001794282651392,-13.163842194650744,-8.747338604445508,424.8727106227106,297.30860805860806,2.5841433236694007,2.599489955768878,-0.4673613010694573
2033,3.480317204185775,2.5196827958142247,69.6063440837155,50.393655916284494,11.07421875,8.7286680800603,-13.204303907923332,-7.665976850893656,423.05036630036625,299.8598901098901,2.589264377317052,2.6028146686941342,-0.4507096264943383
2066,3.460920255433716,2.539079744566284,69.21840510867432,50.781594891325675,10.546875,8.490559008160206,-15.775188677359221,-6.579818363384992,420.1346153846153,303.8690476190476,2.593398669533365,2.6028146686941342,-0.3879389750411756
2100,3.443809796268587,2.556190203731414,68.87619592537173,51.123804074628275,10.01953125,8.289241019567323,-15.816711192719655,-5.496511292452881,415.3965201465201,305.69139194139194,2.5964643328401835,2.607966853852003,-0.34220918330259126
2133,3.4253728681747804,2.5746271318252196,68.5074573634956,51.49254263650439,9.66796875,8.12434984343092,-10.566612374547843,-4.415473872157462,413.2097069597069,308.06043956043953,2.5964643328401835,2.609270050528654,-0.36873856187612153
2166,3.4106208520131758,2.5893791479868247,68.21241704026352,51.78758295973649,9.228515625,7.9955363599992655,-13.221422886444628,-3.3355122560032098,412.4807692307692,311.70512820512823,2.6001095203283073,2.6131311908343933,-0.29504032323209406
2200,3.39659214536306,2.6034078546369397,67.9318429072612,52.068157092738794,8.876953125,7.9022316679520745,-10.522761670067135,-2.249969910676104,410.29395604395603,311.5228937728938,2.6026541232319103,2.6131311908343933,-0.2805741330023126
2233,3.3850438368441575,2.6149561631558425,67.70087673688315,52.299123263116854,8.525390625,7.845287918729825,-10.548024734778329,-1.1670274954028519,407.1959706959707,314.0741758241758,2.6048092984787,2.616210903773924,-0.23096617037805472
2266,3.376375873507753,2.623624126492247,67.52751747015506,52.47248252984494,8.173828125,7.824440665106293,-10.55682882249518,-0.08498822255775486,407.37820512820514,316.07875457875457,2.6058463934165204,2.6175642221034003,-0.1733592667280841
2300,3.3683637071863712,2.6316362928136288,67.36727414372743,52.63272585627257,7.91015625,7.82432951406439,-7.901623287463433,0.0,405.9203296703297,317.3543956043956,2.6058463934165204,2.6186358995176082,-0.16024332642763317
2333,3.3603984541931493,2.6396015458068502,67.20796908386299,52.792030916137,7.734375,7.82432951406439,-5.283917780794643,0.0,404.2802197802198,317.3543956043956,2.607510614755944,2.6186358995176082,-0.15930505986443105
2366,3.3538516308256794,2.6461483691743206,67.07703261651359,52.92296738348641,7.55859375,7.82432951406439,-5.26213622051751,0.0,403.55128205128204,318.4478021978022,2.6075624638439177,2.620519448892563,-0.13093646734940403
2400,3.34679559166921,2.65320440833079,66.9359118333842,53.06408816661581,7.470703125,7.82432951406439,-2.6298916041166644,0.0,403.36904761904765,318.6300366300366,2.6093444623847555,2.621218147608829,-0.14112078312940152
2433,3.3426127333906344,2.6573872666093656,66.85225466781269,53.14774533218731,7.294921875,7.82432951406439,-5.300624349437511,0.0,403.36904761904765,320.63461538461536,2.6093444623847555,2.6217826796507486,-0.08365716557150826
2466,3.3380103243288692,2.6619896756711308,66.76020648657739,53.23979351342261,7.20703125,7.82432951406439,-2.626807175877606,0.0,401.91117216117215,319.9056776556776,2.6096064346503773,2.6217826796507486,-0.09204818123530233
2500,3.3343688520632835,2.6656311479367165,66.68737704126566,53.31262295873433,7.119140625,7.82432951406439,-2.644362703429893,0.0,400.81776556776555,321.18131868131866,2.609991793405804,2.6230355523518534,-0.07282944531172138
2533,3.333720824184143,2.666279175815857,66.67441648368286,53.32558351631714,6.943359375,7.82432951406439,-5.258273847735306,0.0,400.81776556776555,321.36355311355305,2.610172240053859,2.622619562039448,-0.012960557582800375
2566,3.3308097209962955,2.6691902790037045,66.6161944199259,53.38380558007409,6.943359375,7.82432951406439,0.0,0.0,399.72435897435895,321.54578754578756,2.610172240053859,2.622897985728453,-0.05822206375695188
2600,3.330277781983315,2.669722218016684,66.6055556396663,53.39444436033369,6.85546875,7.82432951406439,-2.6307545925521434,0.0,398.26648351648345,321.72802197802196,2.6105089421346515,2.622897985728453,-0.01063878025959002
2633,3.328834152011418,2.671165847988582,66.57668304022836,53.42331695977164,6.85546875,7.82432951406439,0.0,0.0,399.90659340659334,321.54578754578756,2.610705800283806,2.6237580992839895,-0.02887259943794715
2666,3.327794725324674,2.672205274675326,66.55589450649349,53.44410549350651,6.85546875,7.82432951406439,0.0,0.0,398.8131868131868,322.27472527472526,2.6107301938790037,2.6230060728786158,-0.020788533734876657
2700,3.3271587835733833,2.6728412164266167,66.54317567146767,53.45682432853233,6.85546875,7.82432951406439,0.0,0.0,400.27106227106225,321.54578754578756,2.6107301938790037,2.6230797724935404,-0.012718835025816888
2733,3.3269255682728045,2.673074431727195,66.53851136545609,53.461488634543905,6.85546875,7.82432951406439,0.0,0.0,399.5421245421245,322.0924908424908,2.6108893346050035,2.6230797724935404,-0.004664306011572833
2766,3.3270962716545216,2.6729037283454784,66.54192543309043,53.458074566909566,6.85546875,7.82432951406439,0.0,0.0,398.26648351648345,321.72802197802196,2.6108128476609154,2.623564822341157,0.003414067634344181
2800,3.3296861002897606,2.6703138997102394,66.59372200579521,53.406277994204785,6.767578125,7.82432951406439,-2.6405390556637696,0.0,400.0888278388278,320.8168498168498,2.6107445432123546,2.623233829171476,0.05179657270478856
2833,3.3313958980630223,2.6686041019369777,66.62791796126045,53.37208203873955,6.767578125,7.82432951406439,0.0,0.0,398.9954212454212,322.0924908424908,2.6107445432123546,2.623286292469993,0.03419595546523364
2866,3.3335465225710994,2.6664534774289006,66.67093045142198,53.32906954857802,6.767578125,7.82432951406439,0.0,0.0,398.44871794871796,321.36355311355305,2.6109821853744397,2.62325348465818,0.043012490161531705
2900,3.336138310640298,2.6638616893597016,66.72276621280596,53.27723378719403,6.767578125,7.82432951406439,0.0,0.0,400.81776556776555,323.7326007326007,2.6108261931708205,2.62325348465818,0.051835761383988294
2933,3.3391694907589677,2.6608305092410323,66.78338981517935,53.21661018482065,6.767578125,7.82432951406439,0.0,0.0,399.72435897435895,320.63461538461536,2.610801654731507,2.6234321284737425,0.06062360237338327
2966,3.3426411644319693,2.6573588355680307,66.85282328863939,53.147176711360615,6.767578125,7.82432951406439,0.0,0.0,399.90659340659334,321.18131868131866,2.610801654731507,2.6231650367076655,0.06943347346003921
3000,3.346553503632313,2.653446496367687,66.93107007264625,53.06892992735375,6.767578125,7.82432951406439,0.0,0.0,398.9954212454212,320.99908424908426,2.6110536565735227,2.623115756375194,0.0782467840068654
3033,3.350906229496587,2.649093770503413,67.01812458993173,52.98187541006827,6.767578125,7.82432951406439,0.0,0.0,399.72435897435895,320.99908424908426,2.6108587681247006,2.623115756375194,0.08705451728548336
3066,3.355699690607395,2.6443003093926056,67.1139938121479,52.88600618785211,6.767578125,7.82432951406439,0.0,0.0,399.90659340659334,320.63461538461536,2.6106894424173537,2.623551668142252,0.09586922221615873
3100,3.3609321797696854,2.6390678202303146,67.21864359539371,52.781356404606285,6.767578125,7.82432951406439,0.0,0.0,398.9954212454212,320.8168498168498,2.6106894424173537,2.6231927846027387,0.10464978324581471
3133,3.366604854998022,2.633395145001978,67.33209709996044,52.667902900039564,6.767578125,7.82432951406439,0.0,0.0,400.0888278388278,320.8168498168498,2.6114199566450456,2.6230469685558644,0.11345350456672193
3166,3.372717633377077,2.627282366622923,67.45435266754154,52.54564733245846,6.767578125,7.82432951406439,0.0,0.0,399.90659340659334,321.54578754578756,2.6108180136526116,2.6230469685558644,0.12225556758110954
3200,3.3792720968504595,2.6207279031495405,67.5854419370092,52.41455806299081,6.767578125,7.82432951406439,0.0,0.0,399.3598901098901,320.4523809523809,2.6107301938790037,2.623790916562759,0.13108926946765023
3233,3.386267357205434,2.613732642794566,67.72534714410867,52.274652855891325,6.767578125,7.82432951406439,0.0,0.0,399.72435897435895,320.8168498168498,2.6107301938790037,2.6230469685558644,0.13990520709948046
3266,3.393702817588783,2.6062971824112173,67.87405635177566,52.12594364822434,6.767578125,7.82432951406439,0.0,0.0,399.90659340659334,321.18131868131866,2.6110750410970263,2.623063442703152,0.14870920766699255
3300,3.3995584805979915,2.6004415194020085,67.99116961195983,52.00883038804017,6.85546875,7.82432951406439,2.645836912492428,0.0,402.6401098901099,319.54120879120876,2.6111679017731158,2.623063442703152,0.11711326018416782
3333,3.3930675791646614,2.606932420835339,67.86135158329323,52.13864841670678,7.470703125,7.82432951406439,18.40595656167129,0.0,405.191391941392,316.62545787545787,2.6131833513521987,2.6233942590858352,-0.1298180286666113
3366,3.385833179004206,2.614166820995794,67.71666358008412,52.283336419915884,7.91015625,7.82432951406439,13.229885117429214,0.0,407.37820512820514,315.1675824175824,2.6085209478124707,2.622635887684959,-0.1446880032091109
3400,3.3831640622512964,2.616835937748703,67.66328124502593,52.336718754974065,7.998046875,7.82432951406439,2.636163995655825,0.0,407.5604395604396,314.6208791208791,2.6085209478124707,2.622517999721964,-0.05338233505818185
3433,3.381740410872892,2.6182595891271077,67.63480821745785,52.36519178254215,7.998046875,7.82432951406439,0.0,0.0,407.37820512820514,313.709706959707,2.6099479038072486,2.622517999721964,-0.028473027568078353
3466,3.380244292782742,2.619755707217259,67.60488585565483,52.39511414434518,7.998046875,7.82432951406439,0.0,0.0,407.1959706959707,313.34523809523813,2.6098277150835285,2.622611327037163,-0.02992236180302313
3500,3.3786973252102968,2.621302674789703,67.57394650420594,52.42605349579406,7.998046875,7.824741694136803,0.0,0.03612746584764294,407.1959706959707,314.2564102564103,2.6099592346760265,2.621727084641824,-0.030939351448888687
3533,3.377120985096849,2.622879014903152,67.54241970193698,52.45758029806303,7.998046875,7.8268320621126595,0.0,0.08901951336611146,409.5650183150183,313.5274725274725,2.6099592346760265,2.6218792892102143,-0.031526802268961346
3566,3.3755301577459225,2.6244698422540775,67.51060315491846,52.489396845081544,7.998046875,7.830671440173878,0.0,0.14171133599676422,407.1959706959707,312.6163003663004,2.609781821818582,2.6218792892102143,-0.03181654701852502
3600,3.3739403271303816,2.6260596728696184,67.47880654260763,52.52119345739237,7.998046875,7.836267783060329,0.0,0.19443063013928089,408.2893772893773,313.89194139194143,2.609792004282244,2.6225867667343743,-0.03179661231082494
3633,3.3723678364214322,2.6276321635785678,67.44735672842864,52.552643271571355,7.998046875,7.843655037901255,0.0,0.2473771836918911,407.92490842490844,314.4386446886447,2.609742956906505,2.621697627223959,-0.031449814178985444
3666,3.3708296506423094,2.6291703493576906,67.41659301284619,52.58340698715381,7.998046875,7.852781266075726,0.0,0.300157024084484,407.5604395604396,312.79853479853483,2.609742956906505,2.6217384923046496,-0.03076371558245048
3700,3.369343401100011,2.630656598899989,67.38686802200023,52.61313197799978,7.998046875,7.863648311330005,0.0,0.35285324507663485,406.83150183150184,314.0741758241758,2.6097572981014014,2.6217384923046496,-0.02972499084596747
3733,3.3679276511206626,2.6320723488793374,67.35855302241325,52.64144697758675,7.998046875,7.876295146116719,0.0,0.4056505886396354,407.5604395604396,313.709706959707,2.6097950160082686,2.6224410012141712,-0.02831499958697961
3766,3.3666012249270976,2.6333987750729015,67.33202449854195,52.66797550145804,7.998046875,7.890645123265476,0.0,0.4582493792591981,406.64926739926744,314.0741758241758,2.609762460960503,2.6216697586533084,-0.026528523871287863
3800,3.365384845513237,2.634615154486763,67.30769691026474,52.69230308973526,7.998046875,7.906871439970449,0.0,0.5112476237717893,407.92490842490844,313.89194139194143,2.609762460960503,2.6216092579491255,-0.02432758827722059
3833,3.3642986881571493,2.6357013118428507,67.28597376314299,52.71402623685701,7.998046875,7.924785837090972,0.0,0.5640045952558308,407.37820512820514,313.89194139194143,2.6101590430034087,2.6216092579491255,-0.02172314712174732
3866,3.3633635529899517,2.6366364470100483,67.26727105979903,52.73272894020097,7.998046875,7.94438689368735,0.0,0.6165785806122865,407.1959706959707,313.34523809523813,2.609562554771707,2.6220053662177834,-0.018702703343965156
3900,3.3626028776588495,2.6373971223411505,67.25205755317698,52.74794244682302,7.998046875,7.965908347077988,0.0,0.6695656534967954,407.1959706959707,313.89194139194143,2.6098062024648576,2.6217549541265526,-0.01521350662204397
3933,3.3620104556159207,2.6379895443840793,67.24020911231841,52.75979088768159,7.998046875,7.988374418360674,0.0,0.6771107185633399,408.2893772893773,314.6208791208791,2.6098062024648576,2.6217384923046496,-0.011848440858575036
3966,3.361593346133537,2.638406653866463,67.23186692267073,52.76813307732927,7.998046875,8.011025787655706,0.0,0.6771107185633399,407.1959706959707,313.89194139194143,2.6102273244755994,2.6215978511297724,-0.008342189647678914
4000,3.361360478297613,2.638639521702387,67.22720956595226,52.772790434047735,7.998046875,8.033613847774237,0.0,0.6771107185633399,407.92490842490844,313.89194139194143,2.609726751498532,2.6215978511297724,-0.0046573567184644594
4033,3.361320545749194,2.638679454250806,67.22641091498387,52.77358908501613,7.998046875,8.05612120645261,0.0,0.6771107185633399,408.10714285714283,314.98534798534797,2.6096227823391236,2.6217107674813747,-0.0007986509683948883
4066,3.361483688945749,2.6385163110542504,67.22967377891499,52.77032622108501,7.998046875,8.078712413782965,0.0,0.6771107185633399,407.1959706959707,314.98534798534797,2.6096227823391236,2.6218073730660154,0.003262863931119034
4100,3.3638752400422733,2.6361247599577267,67.27750480084546,52.72249519915454,7.91015625,8.10124123890175,-2.6415795734996794,0.6771107185633399,405.9203296703297,316.4432234432235,2.6104323284372435,2.621903839575449,0.04783102193047617
4133,3.3692249348557435,2.6307750651442565,67.38449869711488,52.61550130288512,7.734375,8.123887467572377,-5.255769966318434,0.6771107185633399,408.10714285714283,316.80769230769226,2.610749565506976,2.621903839575449,0.10699389626941579
4166,3.372286558979959,2.627713441020041,67.44573117959918,52.554268820400814,7.734375,8.146382801440884,0.0,0.6771107185633399,404.64468864468864,316.260989010989,2.6111740735237428,2.6223115704636277,0.061232482484305406
4200,3.375699812025083,2.624300187974917,67.51399624050165,52.486003759498345,7.734375,8.169033268147944,0.0,0.6771107185633399,406.28479853479854,317.17216117216117,2.6111740735237428,2.622074257496828,0.06826506090247528
4233,3.3814894772431052,2.6185105227568948,67.6297895448621,52.3702104551379,7.646484375,8.191542959471784,-2.6438249815403183,0.6771107185633399,405.5558608058608,316.07875457875457,2.6119129758127917,2.622126541579447,0.11579330436044671
4266,3.3863638330065076,2.6136361669934924,67.72727666013016,52.27272333986984,7.646484375,8.214157526445035,0.0,0.6771107185633399,403.55128205128204,316.260989010989,2.6114526862643688,2.622126541579447,0.09748711526805083
4300,3.3916536104473214,2.6083463895526786,67.83307220894643,52.166927791053574,7.646484375,8.236739003693188,0.0,0.6771107185633399,405.73809523809524,316.4432234432235,2.6112230177163207,2.622837298011476,0.10579554881627057
4333,3.3973665353385147,2.6026334646614853,67.9473307067703,52.0526692932297,7.646484375,8.259267369765592,0.0,0.6757647360968827,406.64926739926744,316.9899267399268,2.6112230177163207,2.6222314033201943,0.11425849782386745
4366,3.403479024519592,2.5965209754804075,68.06958049039184,51.93041950960815,7.646484375,8.28087520694947,0.0,0.6230854039657121,405.5558608058608,316.62545787545787,2.611817060156634,2.62224281427477,0.12224978362154601
4400,3.4099881787839257,2.5900118212160743,68.19976357567852,51.80023642432148,7.646484375,8.300825572097184,0.0,0.570141518240083,405.3736263736264,316.260989010989,2.611340431976024,2.62224281427477,0.13018308528667583
4433,3.4168871169163957,2.5831128830836043,68.33774233832791,51.662257661672086,7.646484375,8.318952421267817,0.0,0.5173601816504889,405.73809523809524,316.62545787545787,2.611247562096355,2.6230797724935404,0.1379787626493949
4466,3.42416950777315,2.57583049222685,68.48339015546301,51.51660984453699,7.646484375,8.335321539266973,0.0,0.46457263067580784,405.3736263736264,317.3543956043956,2.6114526862643688,2.6222641919597725,0.14564781713510078
4500,3.4318266136034428,2.5681733863965563,68.63653227206886,51.36346772793113,7.646484375,8.349871199699907,0.0,0.41201374507295624,405.0091575091575,316.4432234432235,2.6114526862643688,2.622239492090435,0.15314211660585464
4533,3.4398539873893985,2.5601460126106006,68.79707974778798,51.20292025221202,7.646484375,8.362784641738495,0.0,0.3589764758472432,405.0091575091575,312.9807692307692,2.6112833027773554,2.622239492090435,0.16054747571911773
4566,3.442181405058365,2.557818594941635,68.8436281011673,51.1563718988327,7.91015625,8.373829026373215,7.942748842893757,0.30641700442364167,404.46245421245425,310.2472527472528,2.608196092933674,2.6218073730660154,0.046548353379320104
4600,3.4406692132317165,2.559330786768284,68.81338426463432,51.18661573536568,8.26171875,8.383171135473429,10.537140999767507,0.25359221626499034,407.0137362637363,307.33150183150184,2.6063501442633896,2.614087715196633,-0.030243836532976354
4633,3.4364429675934356,2.5635570324065644,68.7288593518687,51.27114064813129,8.61328125,8.39073157400591,10.567447389982073,0.20091892435551412,409.3827838827839,309.8827838827839,2.6063501442633896,2.6118302697835816,-0.08452491276561433
4666,3.4334108844744278,2.5665891155255722,68.66821768948856,51.33178231051144,8.7890625,8.396572848894646,5.248356757658236,0.14789068458328897,411.9340659340659,308.6071428571429,2.604629264672239,2.611877222203537,-0.06064166238014541
4700,3.432845750745845,2.567154249254155,68.6569150149169,51.343084985083095,8.7890625,8.400610617441657,0.0,0.09531951430099404,411.3873626373626,305.87362637362634,2.605984910339451,2.611877222203537,-0.011302674571654403
4733,3.43211043305661,2.567889566943389,68.6422086611322,51.35779133886779,8.7890625,8.402909390666478,0.0,0.04250413716324638,412.1163003663004,307.69597069597063,2.6059167952657876,2.6120027220419813,-0.014706353784696652
4766,3.4292297854201435,2.570770214579856,68.58459570840287,51.41540429159712,8.876953125,8.40375720734113,2.6322603328121015,0.08474453202899644,412.2985347985348,308.6071428571429,2.6059167952657876,2.612435722836,-0.05761295272932214
4800,3.427763171851378,2.572236828148622,68.55526343702756,51.44473656297243,8.876953125,8.413768131367734,0.0,0.5161940838764321,413.5741758241758,308.06043956043953,2.6067979181733287,2.612435722836,-0.0293322713753053
4833,3.4265118202020393,2.5734881797979607,68.53023640404078,51.46976359595922,8.876953125,8.438085909515866,0.0,0.9467136740113207,411.7518315018315,307.33150183150184,2.6068825329180068,2.612528656109434,-0.02502703298678763
4866,3.4256010619536643,2.5743989380463357,68.51202123907328,51.48797876092672,8.876953125,8.476931486291475,0.0,1.3792517035115928,413.3919413919414,307.69597069597063,2.606606655353726,2.612504093664792,-0.018215164967501966
4900,3.4251602539793247,2.5748397460206753,68.5032050795865,51.49679492041351,8.876953125,8.530087137136537,0.0,1.8108072477578425,413.9386446886447,310.2472527472528,2.606606655353726,2.6123755414914003,-0.008816159486781015
4933,3.4253249654925417,2.5746750345074583,68.50649930985084,51.49350069014916,8.876953125,8.597578263023731,0.0,2.2420944506272815,415.03205128205127,308.06043956043953,2.607196975071525,2.6123755414914003,0.003294230264347466
4967,3.4262517263903693,2.5737482736096307,68.52503452780738,51.47496547219262,8.876953125,8.680996312891214,0.0,2.6809413255219754,413.7564102564102,307.51373626373623,2.6070218484015752,2.6128084913338117,0.018535217956543136
5000,3.4280619775198953,2.5719380224801047,68.56123955039791,51.43876044960209,8.876953125,8.775979901672319,0.0,3.1060333545207826,413.2097069597069,309.1538461538462,2.6066259811047336,2.612821708482935,0.03620502259053074
5033,3.430920262272814,2.569079737727186,68.61840524545627,51.38159475454373,8.876953125,8.886471098791256,0.0,3.5368169737885067,412.4807692307692,306.6025641025641,2.6067409379762223,2.6125694506425434,0.05716569505836303
5066,3.434989037823966,2.565010962176034,68.69978075647933,51.30021924352067,8.876953125,9.011601088530405,0.0,3.968606568886547,410.84065934065933,307.8782051282051,2.6067409379762223,2.612616422996188,0.08137551102305401
5100,3.4404353511906747,2.559564648809325,68.8087070238135,51.191292976186496,8.876953125,9.151218180414432,0.0,4.400659714005376,412.2985347985348,306.42032967032964,2.606514037885845,2.612616422996188,0.10892626733417696
5133,3.447439659764941,2.5525603402350585,68.94879319529882,51.051206804701174,8.876953125,9.306032208191416,0.0,4.834807325609808,411.9340659340659,307.14926739926733,2.606309495312051,2.612769702453488,0.1400861714853281
5166,3.456157095239896,2.5438429047601043,69.12314190479792,50.87685809520209,8.876953125,9.473033798115013,0.0,5.263132685599553,412.4807692307692,307.8782051282051,2.606309495312051,2.612564423095644,0.17434870949909403
5200,3.466787980634457,2.5332120193655423,69.33575961268915,50.66424038731085,8.876953125,9.655983517665195,0.0,5.6955081330670305,412.2985347985348,307.69597069597063,2.6070411787702246,2.6124469262753345,0.21261770789123305
5233,3.4795224500622375,2.520477549937763,69.59044900124475,50.40955099875526,8.876953125,9.853322213209808,0.0,6.127782858603762,411.9340659340659,308.6071428571429,2.6067787336772437,2.6124469262753345,0.2546893885555999
5266,3.4945523031774535,2.5054476968225465,69.89104606354907,50.10895393645093,8.876953125,10.064662018521433,0.0,6.559211069566332,414.3031135531136,305.5091575091575,2.6088001393514433,2.6128902381358583,0.3005970623043238
5300,3.4959970945428127,2.5040029054571877,69.91994189085625,50.080058109143756,9.580078125,10.291033223005986,21.04529027339024,6.9918579662790314,420.86355311355305,303.6868131868132,2.6088001393514433,2.612115162645447,0.028895827307173633
5333,3.4942263356313923,2.5057736643686077,69.88452671262785,50.115473287372154,10.283203125,10.530538813983913,21.157931102539415,7.422201532626473,420.86355311355305,302.0467032967033,2.611789492562331,2.612616422996188,-0.03541517822840784
5366,3.505374123816842,2.494625876183158,70.10748247633684,49.89251752366316,10.283203125,10.785675117401272,0.0,7.854737166472289,422.1391941391941,300.4065934065934,2.5994434795339094,2.612616422996188,0.2229557637089969
5400,3.523105217197567,2.476894782802433,70.46210434395134,49.53789565604866,10.107421875,11.054801602093836,-5.271382187891587,8.286558423338986,422.1391941391941,300.9532967032967,2.603773537142116,2.6107383729845153,0.3546218676144991
5433,3.53681883762581,2.46318116237419,70.7363767525162,49.26362324748381,10.283203125,11.333590245228882,5.278018186733455,8.381339070812896,422.6858974358974,298.21978021978026,2.603773537142116,2.607311110452361,0.27427240856485613
5466,3.5517982907329557,2.4482017092670443,71.03596581465912,48.96403418534088,10.458984375,11.6132692943191,5.267760539567899,8.381339070812896,424.8727106227106,297.6730769230769,2.601962690596714,2.604784844817011,0.29958906214293246
5500,3.5599830925032463,2.4400169074967537,71.19966185006493,48.80033814993507,10.986328125,11.891684772708162,15.875003793602422,8.381339070812896,426.69505494505495,295.3040293040293,2.601709148682393,2.604784844817011,0.16369603540581001
5533,3.5686525264395597,2.4313474735604403,71.3730505287912,48.6269494712088,11.42578125,12.171952376178982,13.141745962575383,8.381339070812896,426.87728937728934,293.29945054945057,2.597216220912718,2.604029667941356,0.1733886787262685
5566,3.5823690848911163,2.4176309151088837,71.64738169782233,48.352618302177675,11.6015625,12.450361342271663,5.2917917092184625,8.381339070812896,430.15750915750914,292.75274725274727,2.5972330218387927,2.6030735152552174,0.27433116903113186
5600,3.597287445165914,2.402712554834086,71.94574890331828,48.05425109668172,11.77734375,12.730743325883001,5.254553946602997,8.381339070812896,431.97985347985343,290.7481684981685,2.5972330218387927,2.599215393382942,0.2983672054959564
5633,3.609388734634271,2.390611265365729,72.18777469268541,47.812225307314584,12.12890625,13.010238764957077,10.542442219608827,8.381339070812896,433.98443223443223,290.56593406593413,2.596567516621445,2.599215393382942,0.2420257893671385
5666,3.62124818819927,2.37875181180073,72.4249637639854,47.5750362360146,12.48046875,13.288356865055063,10.594652113776574,8.381339070812896,433.98443223443223,288.5613553113553,2.594197408297341,2.5995498349642037,0.23718907129999334
5700,3.634928866634312,2.3650711333656873,72.69857733268624,47.30142266731375,12.744140625,13.568509300555448,7.8882890447295955,8.381339070812896,435.0778388278388,286.73901098901104,2.592564089819851,2.5963477781462325,0.2736135687008441
5733,3.649051639033539,2.350948360966461,72.98103278067079,47.01896721932921,13.0078125,13.847253671072622,7.928136391460631,8.381339070812896,437.6291208791209,284.1877289377289,2.592564089819851,2.5941435411564777,0.2824554479845422
5766,3.661660411186219,2.338339588813781,73.23320822372439,46.76679177627561,13.359375,14.127243290686934,10.523834851954803,8.381339070812896,439.08699633699626,283.27655677655673,2.590599817046552,2.5941435411564777,0.2521754430535976
5800,3.674018750218544,2.3259812497814565,73.48037500437087,46.51962499562913,13.7109375,14.407074595150466,10.529788733721324,8.381339070812896,440.7271062271062,281.6364468864468,2.5889618174242583,2.593048795800506,0.24716678064648276
5833,3.6880807705625203,2.3119192294374797,73.7616154112504,46.23838458874959,13.974609375,14.685566754442075,7.935316360192383,8.381339070812896,443.46062271062266,279.99633699633694,2.5861786308338393,2.590705346489627,0.2812404068795381
5866,3.700562268635852,2.299437731364148,74.01124537271704,45.988754627282965,14.326171875,14.964962229278838,10.546214174743485,8.381339070812896,442.36721611721606,278.72069597069594,2.5861786308338393,2.5873388198004883,0.24962996146663083
5900,3.7147699059659116,2.285230094034088,74.29539811931824,45.70460188068176,14.58984375,15.245105353091835,7.8885512438533745,8.381339070812896,444.00732600732596,276.35164835164835,2.5838146763262344,2.5873388198004883,0.2841527466011994
5933,3.7273333104139215,2.272666689586079,74.54666620827842,45.453333791721576,14.94140625,15.52388278801168,10.569594766268908,8.381339070812896,447.1053113553113,274.7115384615384,2.5818441082267403,2.5861435457929516,0.25126808896018543
5966,3.741598926227091,2.2584010737729083,74.83197852454182,45.16802147545817,15.205078125,15.80349834843237,7.90343493218722,8.381339070812896,447.46978021978015,274.16483516483515,2.5793436241308036,2.5831495198599663,0.28531231626340586
6000,3.754230081037924,2.2457699189620755,75.08460162075849,44.91539837924151,15.556640625,16.08321666409632,10.534042113361812,8.381339070812896,450.02106227106225,272.3424908424908,2.5793436241308036,2.579340946787794,0.2526230962166702
6033,3.7685119110802843,2.2314880889197157,75.37023822160569,44.62976177839431,15.8203125,16.36237560079066,7.916362678482658,8.381339070812896,450.38553113553115,270.1556776556776,2.576943580873919,2.579340946787794,0.285636600847195
6066,3.7810407033441016,2.2189592966558984,75.62081406688203,44.37918593311797,16.171875,16.640570417548243,10.556001190812296,8.22517543558896,452.75457875457874,268.3333333333333,2.5735288394197706,2.5770374411894013,0.25057584527634486
6100,3.7928845994115075,2.2071154005884925,75.85769198823014,44.142308011769856,16.5234375,16.90757380084356,10.545856691490666,7.793480799791988,454.2124542124542,265.9642857142857,2.5704819653844493,2.5732050230331605,0.23687792134810715
6133,3.8038885171649315,2.196111482835069,76.07777034329862,43.92222965670138,16.875,17.160156931098925,10.547104821583186,7.36183725015324,455.67032967032964,265.23534798534797,2.5704819653844493,2.570380332578436,0.2200783550684725
6166,3.815923320730255,2.1840766792697455,76.3184664146051,43.68153358539491,17.138671875,17.39880847085673,7.894736015008348,6.929341177300512,458.2216117216117,263.2307692307692,2.56705878913331,2.5673467427743013,0.24069607130646506
6200,3.8275258965822285,2.1724741034177715,76.55051793164458,43.44948206835543,17.40234375,17.622541492688427,7.912012012444181,6.497789466139081,459.49725274725273,261.95512820512823,2.5641905749778746,2.5673467427743013,0.23205151703947335
6233,3.838561684391012,2.161438315608988,76.77123368782024,43.22876631217976,17.666015625,17.83141872759899,7.930609212162819,6.06724973944778,458.768315018315,260.6794871794871,2.560710955632873,2.5650967340194843,0.22071575617566624
6266,3.8489215513163217,2.1510784486836787,76.97843102632643,43.021568973673574,17.9296875,18.02661027140204,7.904092861823037,5.635265654443929,462.5952380952381,259.95054945054943,2.560710955632873,2.561958383139907,0.20719733850618352
6300,3.858439367184755,2.141560632815245,77.1687873436951,42.8312126563049,18.193359375,18.207044768729943,7.919903037078168,5.2041439214233485,462.5952380952381,259.0393772893773,2.5576950191122947,2.5594971717299115,0.19035631736866573
6333,3.8669752795919585,2.1330247204080415,77.33950559183917,42.66049440816083,18.45703125,18.373142317020132,7.919101191934587,4.772978535359382,465.3287545787545,259.2216117216117,2.554493573817722,2.5594971717299115,0.17071824814406905
6366,3.874384148516116,2.1256158514838845,77.48768297032231,42.51231702967769,18.720703125,18.52517052933347,7.903430430784178,4.340958243335212,465.14652014652006,256.8525641025641,2.5512894025012973,2.55799475859388,0.1481773784831365
6400,3.882507279853746,2.117492720146254,77.65014559707491,42.34985440292509,18.896484375,18.66265897797265,5.2740827836848565,3.9093581006826015,465.5109890109889,255.75915750915746,2.5512894025012973,2.5543531704836333,0.16246262675260376
6433,3.8898989642610626,2.110101035738937,77.79797928522126,42.20202071477874,19.072265625,18.7857192406384,5.276052523021888,3.4779190898184145,465.8754578754578,253.75457875457874,2.549052712422211,2.5532307767474087,0.14783368814634829
6466,3.8964376042476236,2.1035623957523764,77.92875208495248,42.07124791504752,19.248046875,18.894840896912893,5.253501145662517,3.044628067567576,468.2445054945054,253.93681318681317,2.5477438705019932,2.5532307767474087,0.13077279973121514
6500,3.9019510176033947,2.0980489823966053,78.0390203520679,41.960979647932106,19.423828125,18.988922097469132,5.2863131085218455,2.6140264677246643,468.7912087912087,253.75457875457874,2.545121198182834,2.5533655359628513,0.1102682671154204
6533,3.9083323414293347,2.0916676585706653,78.16664682858669,41.83335317141331,19.51171875,19.0690129634849,2.6312606997629264,2.181478130343052,468.2445054945054,252.4789377289377,2.545121198182834,2.5499821620663194,0.1276264765188029
6566,3.9121204618825027,2.0878795381174973,78.24240923765005,41.75759076234995,19.6875,19.134558008676095,5.271329548031024,1.7496525612794909,469.15567765567755,251.9322344322344,2.5434794959655855,2.548142173135374,0.07576240906336197
6600,3.914469757079746,2.085530242920254,78.28939514159492,41.71060485840508,19.86328125,19.185602456987976,5.2834265575486175,1.3188157062563355,470.2490842490842,251.20329670329667,2.540367086419248,2.548142173135374,0.04698590394487249
6633,3.9172385927342908,2.0827614072657092,78.34477185468582,41.65522814531418,19.951171875,19.222343405687237,2.6389812805094626,0.8875328285391019,470.9780219780219,251.20329670329667,2.5388816208404963,2.5480182037086245,0.055376713090898935
6666,3.9209848061355306,2.0790151938644694,78.41969612271062,41.58030387728938,19.951171875,19.244728304895116,0.0,0.4560307531501911,469.337912087912,250.47435897435892,2.5373454875551875,2.545580225710828,0.07492426802480004
6700,3.9222724762182795,2.0777275237817205,78.44544952436559,41.554550475634414,20.0390625,19.252737562605322,2.6285748731767504,0.02304044630588619,468.7912087912087,251.02106227106225,2.5373454875551875,2.544010680273529,0.025753401654964564
6733,3.923780092828358,2.076219907171642,78.47560185656717,41.52439814343283,20.0390625,19.233717589706064,0.0,-1.2118377132281501,469.8846153846153,248.83424908424905,2.535856764418853,2.544010680273529,0.030152332201584784
6767,3.9238007746427597,2.0761992253572403,78.4760154928552,41.5239845071448,20.0390625,19.170933959759466,0.0,-2.5121539406375812,472.25366300366306,251.20329670329667,2.5353722124554587,2.5449292253029676,0.00041363628802782576
6800,3.919977865953625,2.080022134046375,78.3995573190725,41.6004426809275,20.126953125,19.06703994919878,2.6634616359553176,-3.7847113128278984,469.15567765567755,249.74542124542123,2.5347444792486438,2.543415886450106,-0.07645817378270041
6833,3.915204140545852,2.084795859454148,78.30408281091704,41.69591718908296,20.126953125,18.91742793215359,0.0,-5.08559670524768,472.0714285714286,249.92765567765565,2.5347444792486438,2.543842709232606,-0.09547450815546024
6866,3.9078067832643613,2.0921932167356387,78.15613566528722,41.84386433471278,20.126953125,18.729018638222364,0.0,-6.355698133609342,469.8846153846153,250.1098901098901,2.535217316978769,2.543842709232606,-0.14794714562981398
6900,3.897331317451565,2.102668682548435,77.94662634903129,42.05337365096871,20.126953125,18.495272611004026,0.0,-7.6435089275397194,471.16025641025635,249.56318681318677,2.5348659710881565,2.5451109774964906,-0.20950931625592967
6933,3.883352717790282,2.116647282209718,77.66705435580563,42.33294564419437,20.126953125,18.2195440713172,0.0,-8.92690203077861,468.97344322344316,250.65659340659334,2.534460895003477,2.543852922280205,-0.27957199322565496
6966,3.8653998294536427,2.1346001705463573,77.30799658907286,42.69200341092714,20.126953125,17.89963987069112,0.0,-10.215826204009337,470.79578754578745,249.92765567765565,2.534460895003477,2.543934628875218,-0.35905776673277096
7000,3.8430159597496076,2.1569840402503924,76.86031919499216,43.13968080500784,20.126953125,17.538111139802627,0.0,-11.499871346052732,469.52014652014645,250.1098901098901,2.534919375349456,2.543934628875218,-0.4476773940807023
7033,3.815703600926864,2.184296399073136,76.31407201853727,43.685927981462726,20.126953125,17.133133050430068,0.0,-12.786013170312126,470.613553113553,251.5677655677655,2.534528423817125,2.545084873590526,-0.5462471764548837
7066,3.7870078062578703,2.2129921937421297,75.74015612515741,44.25984387484259,19.951171875,16.686747956063336,-5.287414409650675,-14.068079404498203,470.9780219780219,255.21245421245413,2.5352295378259253,2.5443579927974103,-0.5739158933798628
7100,3.7699263678118857,2.2300736321881143,75.39852735623772,44.60147264376228,19.072265625,16.19642487019661,-26.369109280889866,-15.353449988796772,463.1419413919413,261.22619047619037,2.5352295378259253,2.5638822048565455,-0.34162876891968885
7133,3.767773370900758,2.232226629099242,75.35546741801517,44.64453258198484,17.578125,15.661929855637235,-44.720299508285386,-16.641901368148606,458.40384615384613,266.510989010989,2.541405069660662,2.5638822048565455,-0.043059938222561434
7166,3.7534207994052884,2.246579200594711,75.06841598810577,44.93158401189422,16.875,15.08755273820538,-21.156681395438103,-17.923541972184683,454.39468864468864,270.1556776556776,2.563852739428079,2.5665999543974327,-0.28705142990939075
7200,3.724730006030737,2.2752699939692635,74.49460012061473,45.50539987938527,16.787109375,14.477630847898386,-2.630585382219089,-18.31436805838605,450.02106227106225,270.88461538461536,2.562859730409095,2.567885561675369,-0.5738158674910427
7233,3.69498268216846,2.30501731783154,73.89965364336919,46.1003463566308,16.5234375,13.867862516185513,-7.919374480845658,-18.31436805838605,448.7454212454212,274.89377289377285,2.562859730409095,2.579569381414543,-0.5949464772455357
7266,3.669432810057516,2.330567189942484,73.38865620115033,46.61134379884968,15.908203125,13.257281557688097,-18.45394722699792,-18.31436805838605,445.4652014652014,276.35164835164835,2.563911251842446,2.580684792251863,-0.5109974422188723
7300,3.6387664713043284,2.3612335286956716,72.77532942608657,47.22467057391343,15.46875,12.645697722663956,-13.159776002484186,-18.31436805838605,440.7271062271062,279.99633699633694,2.569178158593488,2.580684792251863,-0.6133267750637582
7333,3.6076255394770778,2.3923744605229222,72.15251078954155,47.84748921045845,14.94140625,12.03651068900882,-15.853862602494166,-18.31436805838605,439.08699633699626,284.1877289377289,2.5722735141985567,2.5843373482864105,-0.6228186365450239
7366,3.5786397436944246,2.4213602563055754,71.5727948738885,48.4272051261115,14.23828125,11.426478483939809,-21.109197078531196,-18.31436805838605,432.5265567765568,286.9212454212455,2.5722735141985567,2.589277983129684,-0.5797159156530518
7400,3.5491697349735487,2.4508302650264513,70.98339469947098,49.01660530052903,13.53515625,10.814579586884149,-21.044800216205108,-18.31436805838605,430.3397435897436,288.9258241758242,2.577230666047935,2.593504085893637,-0.5894001744175251
7433,3.513303380021897,2.4866966199781033,70.26606760043794,49.733932399562065,13.095703125,10.20515276317042,-13.206353843457574,-18.31436805838605,427.05952380952385,295.3040293040293,2.5839602003039412,2.593504085893637,-0.7173270990330459
7466,3.4768503765368064,2.523149623463193,69.53700753073613,50.46299246926387,12.568359375,9.593315255893538,-15.785183837085217,-18.31436805838605,421.95695970695965,298.7664835164835,2.589102249636323,2.6005882124971427,-0.729060069701805
7500,3.4425989643197648,2.5574010356802357,68.85197928639529,51.148020713604716,11.865234375,8.984800762429009,-21.161846068343987,-18.31436805838605,417.94780219780216,302.77564102564105,2.589102249636323,2.6044819911656765,-0.6850282443408479
7533,3.407842555671975,2.5921574443280253,68.1568511134395,51.843148886560506,11.162109375,8.374166216074379,-21.088374573511476,-18.31436805838605,413.5741758241758,305.5091575091575,2.594546945890509,2.610292596034581,-0.6951281729557981
7566,3.372593115797812,2.627406884202188,67.45186231595623,52.548137684043766,10.458984375,7.7611830351457165,-21.007574827002184,-18.31436805838605,408.10714285714283,311.70512820512823,2.6003163287963225,2.610292596034581,-0.7049887974832656
7600,3.3369953611928533,2.6630046388071467,66.73990722385706,53.26009277614294,9.755859375,7.150675682073006,-21.092768131687073,-18.31436805838605,405.0091575091575,315.8965201465201,2.60515297320093,2.6155908996633195,-0.7119550920991776
7633,3.2990460872718836,2.7009539127281164,65.98092174543767,54.019078254562324,9.140625,6.540768619031757,-18.4743372699048,-18.31436805838605,400.27106227106225,319.54120879120876,2.60515297320093,2.6190346501584534,-0.7589854784193848
7666,3.2623873114273154,2.7376126885726846,65.2477462285463,54.752253771453695,8.4375,5.934872259514401,-21.101043998485913,-17.733706027169553,395.532967032967,322.4569597069597,2.607145136884251,2.6243170890701366,-0.7331755168913668
7700,3.2264259024664765,2.7735740975335226,64.52851804932953,55.47148195067046,7.734375,5.3667810364242055,-21.155785746073466,-16.452011163716854,391.5238095238095,328.47069597069594,2.6095900871152438,2.6243170890701366,-0.7192281792167662
7733,3.19345743062576,2.80654256937424,63.8691486125152,56.1308513874848,6.943359375,4.838516951285241,-23.670151994770045,-15.163271248985035,386.6034798534799,334.8489010989011,2.6137698695137326,2.629171576071402,-0.6593694368143387
7766,3.160750535193822,2.839249464806178,63.21501070387644,56.78498929612356,6.240234375,4.356089579807117,-21.16651816085021,-13.882226264779703,382.41208791208794,336.8534798534798,2.6137698695137326,2.6305629746814465,-0.6541379086387603
7800,3.1279130752965267,2.8720869247034733,62.55826150593054,57.44173849406946,5.625,3.9144288578787907,-18.441910911067644,-12.595708056494226,378.4029304029304,340.8626373626373,2.615724869811324,2.632760762493856,-0.6567491979458979
7833,3.096724629820236,2.903275370179764,61.93449259640472,58.06550740359528,5.009765625,3.5158451503513044,-18.4496329481734,-11.309728316446543,374.3937728937729,346.69413919413915,2.616641783868649,2.632760762493856,-0.6237689095258133
7866,3.0675886995538275,2.9324113004461725,61.35177399107655,58.64822600892345,4.39453125,3.159504845997013,-18.41438316989163,-10.021286886518007,370.93131868131866,348.69871794871796,2.6191083266396973,2.6358918477157878,-0.5827186053281724
7900,3.0390111069036423,2.9609888930963577,60.78022213807285,59.21977786192715,3.8671875,2.84768069891049,-15.863577870658787,-8.73932851570808,368.1978021978022,353.07234432234424,2.6197737184779157,2.6362830436485836,-0.5715518530037007
7933,3.012638023861107,2.987361976138893,60.25276047722214,59.74723952277786,3.33984375,2.5770120101726506,-15.770654021669408,-7.449816589674881,364.18864468864473,356.8992673992675,2.6197737184779157,2.637182818929293,-0.5274616608507137
7966,2.9890246127580387,3.0109753872419613,59.78049225516077,60.21950774483923,2.8125,2.3508188337582965,-15.87511896823837,-6.1687901934019695,359.63278388278394,359.08608058608064,2.620692762465932,2.637182818929293,-0.4722682220613692
8000,2.9665230213912195,3.0334769786087805,59.33046042782439,60.66953957217561,2.373046875,2.1663159407181967,-13.159257806847519,-4.880948663837391,357.0815018315019,361.4551282051283,2.621402935975629,2.638964065259501,-0.45003182733638475
8033,2.9449279111536577,3.0550720888463423,58.89855822307315,61.10144177692685,2.021484375,2.0248547564645394,-10.530413542192855,-3.5934749186514217,356.717032967033,365.2820512820513,2.6207942187718305,2.638119639498497,-0.43190220475123875
8066,2.925993065027216,3.074006934972784,58.51986130054433,61.48013869945567,1.669921875,1.9265470297860405,-10.553782979033247,-2.3088520503909633,352.89010989010984,366.5576923076923,2.6207942187718305,2.6394368990745365,-0.3786969225288248
8100,2.9121738530533503,3.0878261469466497,58.24347706106701,61.75652293893299,1.23046875,1.8710768932170045,-13.209581223337628,-1.0259167010125554,350.88553113553104,370.38461538461536,2.6213505291647685,2.6394368990745365,-0.27638423947731544
8133,2.9026045615784644,3.0973954384215356,58.05209123156928,61.94790876843072,0.791015625,1.858277603181914,-13.143660548590072,0.24795032702193776,348.88095238095235,372.57142857142856,2.6206190191189034,2.640513864984166,-0.19138582949773625
8166,2.8958042303284075,3.1041957696715925,57.916084606568155,62.083915393431845,0.439453125,1.8865816919266836,-10.574021897742506,1.454666158995994,347.6053113553113,372.753663003663,2.6214521680477594,2.639767608217244,-0.13600662500112598
8200,2.8894950485529334,3.1105049514470666,57.78990097105867,62.21009902894133,0.263671875,1.9554562179370953,-5.260299166189614,2.6675096901833126,347.058608058608,374.029304029304,2.6214521680477594,2.6397312811485993,-0.12618363550948652
8233,2.88474386229404,3.11525613770596,57.694877245880804,62.305122754119196,0.17578125,2.0646085589139824,-2.6352578685485923,3.8780021987090447,346.32967032967025,374.75824175824175,2.6213619343699763,2.6397312811485993,-0.09502372517786595
8266,2.881246933503791,3.118753066496209,57.62493867007582,62.37506132992418,0.17578125,2.2138554594696815,0.0,5.086514579740473,346.69413919413915,373.48260073260076,2.6209218051917595,2.640301950764269,-0.0699385758049795
8300,2.8827214180129968,3.1172785819870032,57.65442836025993,62.34557163974007,0.087890625,2.4037057002835116,-2.6350106568465312,6.297120654377442,345.60073260073256,374.3937728937729,2.6206764549606705,2.6398818464161975,0.02948969018410902
8333,2.8882765345520562,3.1117234654479438,57.76553069104113,62.23446930895887,0.0,2.6330074547652607,-2.6448165966176638,7.503238277803979,346.51190476190476,374.94047619047615,2.6206764549606705,2.6402656126651,0.1111023307811997
8366,2.8963586138844852,3.1036413861155148,57.92717227768971,62.07282772231029,0.0,2.9038243475818444,0.0,8.715331090299046,346.8763736263736,374.3937728937729,2.621677989221199,2.6402656126651,0.1616415866485777
8400,2.9087039868802553,3.0912960131197447,58.17407973760511,61.82592026239489,0.0,3.2136977995867015,0.0,9.922222334350487,346.14743589743586,374.5760073260073,2.620846608900611,2.640048913072444,0.2469074599154024
8433,2.925779810787053,3.074220189212947,58.51559621574106,61.48440378425894,0.0,3.5652299866821746,0.0,11.134090664385454,347.058608058608,373.66483516483515,2.6207779103195796,2.639951297528048,0.3415164781359502
8466,2.948050460035242,3.051949539964758,58.96100920070485,61.03899079929515,0.0,3.957023549158659,0.0,12.345363471681974,346.8763736263736,373.3003663003663,2.6207779103195796,2.640004263138136,0.4454129849637913
8500,2.9759716906724987,3.0240283093275013,59.51943381344997,60.48056618655003,0.0,4.38715651108882,0.0,13.551053616660898,346.69413919413915,372.93589743589746,2.621573305062116,2.639853541497061,0.5584246127451208
8533,3.008083560496398,2.991916439503602,60.16167120992795,59.83832879007205,0.087890625,4.861311957056246,2.6245063184345496,14.766505027657802,347.9697802197802,374.3937728937729,2.620995561319695,2.639853541497061,0.6422373964779794
8566,3.046131595835703,2.953868404164297,60.92263191671405,59.07736808328595,0.17578125,5.372916140473509,2.6405684082021406,15.974563072282928,349.9743589743589,369.10897435897436,2.6218433307682463,2.6403879101375765,0.7609607067860996
8600,3.066390295966282,2.933609704033718,61.327805919325634,58.672194080674366,1.318359375,5.923886732700602,34.378093909165784,17.18083933973456,357.99267399267404,362.7307692307692,2.6218433307682463,2.6336341647016104,0.40517400261157754
8633,3.0648715734372143,2.9351284265627857,61.297431468744286,58.702568531255714,3.33984375,6.519096574281548,60.41282210074776,18.39530135840357,365.6465201465202,356.8992673992675,2.628949715930978,2.640273785023624,-0.030374450581345136
8666,3.085754221340322,2.914245778659678,61.71508442680644,58.28491557319356,3.955078125,7.137063173530848,18.488453116014533,18.58554225962149,368.38003663003667,352.89010989010984,2.6175642221034003,2.640273785023624,0.41765295806215835
8700,3.1221131019389463,2.8778868980610537,62.44226203877892,57.55773796122108,3.955078125,7.756739833109626,0.0,18.58554225962149,371.8424908424908,350.15659340659334,2.625954021285927,2.645758538139637,0.7271776119724821
8733,3.150835976985023,2.849164023014977,63.01671953970045,56.98328046029955,4.5703125,8.375256643315213,18.486909793662125,18.58554225962149,374.75824175824175,347.9697802197802,2.625954021285927,2.6362466428834597,0.5744575009215301
8766,3.1771537799269383,2.8228462200730617,63.54307559853877,56.45692440146123,5.361328125,8.994402239563016,23.74474504147873,18.58554225962149,376.5805860805861,343.4139194139194,2.6270570717621164,2.636580102070213,0.5263560588383175
8800,3.209689059784606,2.790310940215394,64.19378119569213,55.806218804307875,5.888671875,9.614427917025385,15.807360738809274,18.58554225962149,380.58974358974365,340.315934065934,2.6233714222177125,2.636580102070213,0.6507055971533536
8833,3.240451190790483,2.7595488092095173,64.80902381580967,55.19097618419034,6.591796875,10.233199404919336,21.11920096023559,18.58554225962149,384.7811355311356,336.8534798534798,2.62325348465818,2.6371134770366376,0.6152426201175356
8866,3.274158250374379,2.72584174962562,65.48316500748759,54.51683499251241,7.20703125,10.855204089479377,18.38324494970997,18.58554225962149,387.87912087912093,331.9331501831502,2.6219513527322897,2.636124487426162,0.6741411916779243
8900,3.311339802589116,2.6886601974108846,66.22679605178232,53.77320394821769,7.734375,11.472280854698647,15.882901615149366,18.58554225962149,392.4349816849817,329.1996336996337,2.6219513527322897,2.632131525324206,0.7436310442947262
8933,3.3448165068578555,2.655183493142145,66.89633013715711,53.1036698628429,8.525390625,12.092449696625687,23.705567472201352,18.58554225962149,398.08424908424905,324.8260073260073,2.620833475139516,2.632131525324206,0.6695340853747879
8966,3.378396588887855,2.621603411112145,67.5679317777571,52.432068222242904,9.31640625,12.711533347265455,23.74712094442448,18.58554225962149,401.1822344322344,318.99450549450546,2.619003652176733,2.629691099667524,0.6716016405999885
9000,3.4141122603021823,2.5858877396978177,68.28224520604365,51.71775479395635,10.01953125,13.333122607783286,21.0234639356699,18.58554225962149,404.64468864468864,315.1675824175824,2.616287628056274,2.6284385294811865,0.7143134282865529
9033,3.4484341540089485,2.551565845991051,68.96868308017898,51.03131691982102,10.810546875,13.950478156163214,23.813593908790743,18.58554225962149,409.3827838827839,310.97619047619054,2.616287628056274,2.621097035209897,0.6864378741353253
9066,3.48282395651775,2.5171760434822503,69.656479130355,50.34352086964501,11.6015625,14.572608813565658,23.630814767818684,18.58554225962149,414.3031135531136,306.96703296703294,2.614948532794818,2.621097035209897,0.6877960501760118
9100,3.5190405237973255,2.4809594762026745,70.3808104759465,49.61918952405349,12.3046875,15.191464624060526,21.116323349774362,18.58554225962149,417.03663003663,301.6822344322344,2.6105089421346515,2.6170482878760195,0.7243313455915135
9133,3.555816022462401,2.444183977537599,71.11632044924802,48.88367955075198,13.0078125,15.81123285457576,21.085235992868714,18.58554225962149,423.05036630036625,298.40201465201466,2.607078981001343,2.6126246109673033,0.7355099733015175
9166,3.5907185167456555,2.409281483254344,71.81437033491311,48.185629665086886,13.798828125,16.424928275544275,23.776849537715858,18.00680218821973,427.05952380952385,294.39285714285717,2.607078981001343,2.605873008414368,0.698049885665091
9200,3.6264820948915713,2.373517905108429,72.52964189783143,47.47035810216858,14.501953125,17.00515393905621,21.08762509791493,16.79662896364852,431.0686813186813,290.01923076923083,2.602689687627304,2.605873008414368,0.7152715629183111
9233,3.661350261879477,2.338649738120523,73.22700523758954,46.77299476241046,15.205078125,17.543606223025254,21.14549980572135,15.589767953137546,435.6245421245421,286.01007326007334,2.5966596044449433,2.601437231908723,0.697363339758116
9266,3.695074070124542,2.304925929875458,73.90148140249084,46.098518597509155,15.908203125,18.04548077935818,20.98953966328411,14.373939513225036,439.815934065934,280.1785714285714,2.5918657444266864,2.595476926141421,0.6744761649013058
9300,3.7270495948171196,2.2729504051828804,74.54099189634239,45.45900810365761,16.611328125,18.502941800413712,21.16641175271809,13.168270854718696,442.5494505494505,276.8983516483516,2.5918657444266864,2.58831096202609,0.639510493851547
9333,3.7549834620485485,2.2450165379514515,75.09966924097097,44.900330759029025,17.40234375,18.921826052770868,23.72418444929417,11.95812855319658,448.38095238095235,273.98260073260064,2.583874014716208,2.58831096202609,0.5586773446285825
9366,3.7816811752223907,2.2183188247776093,75.63362350444781,44.36637649555219,18.10546875,19.300019577649355,21.108305444983092,10.749140966305381,450.38553113553115,268.8800366300366,2.5778237050878925,2.582384956810814,0.5339542634768397
9400,3.807398583122183,2.192601416877817,76.14797166244367,43.85202833755634,18.720703125,19.63801975277227,18.465208936769574,9.539854928338272,454.2124542124542,265.78205128205127,2.570765307416427,2.5759753037485362,0.5143481579958478
9433,3.830418390593045,2.169581609406955,76.6083678118609,43.3916321881391,19.3359375,19.936700350269884,18.40074777876733,8.326332541973777,458.768315018315,262.8663003663004,2.570765307416427,2.568125915604534,0.4603961494172373
9466,3.852217041452461,2.147782958547539,77.04434082904922,42.95565917095078,19.86328125,20.19358372822713,15.853544699560857,7.119046738692223,459.8617216117216,259.5860805860805,2.564992485917204,2.568125915604534,0.43597301718832093
9500,3.8751394563668966,2.1248605436331034,77.50278912733793,42.49721087266207,20.21484375,20.410781203325865,10.543683849463742,5.908858742369172,462.9597069597069,257.76373626373623,2.556053509675759,2.5628572182543485,0.45844829828870776
9533,3.896148592022821,2.103851407977179,77.92297184045643,42.07702815954358,20.56640625,20.58745081761306,10.555543528646469,4.700030452568882,465.5109890109889,255.3946886446886,2.551588155276509,2.5581251631056747,0.42018271311848643
9566,3.910864444340951,2.089135555659049,78.21728888681902,41.78271111318098,21.09375,20.724379677538543,15.762710512117243,3.485787544741825,468.062271062271,252.84340659340654,2.551588155276509,2.552408019398902,0.2943170463625892
9600,3.9233704807481704,2.0766295192518296,78.46740961496342,41.532590385036585,21.533203125,20.820146873804415,13.229243105100084,2.2801403725760268,470.0668498168497,251.02106227106225,2.546004138698813,2.5488602945608383,0.2501207281443949
9633,3.9339835813790676,2.0660164186209324,78.67967162758136,41.32032837241864,21.884765625,20.876059026023714,10.525853922129452,1.0679024177227798,473.3470695970696,249.92765567765565,2.5374413175432813,2.5488602945608383,0.21226201261793812
9666,3.9429417621943825,2.057058237805617,78.85883524388765,41.14116475611234,22.1484375,20.891577708620762,7.899698628874985,-0.09702493533073621,471.70695970695965,247.74084249084245,2.534381703064912,2.544486251370733,0.17916361630630628
9700,3.95074884495734,2.04925115504266,79.0149768991468,40.985023100853205,22.32421875,20.874853499225818,5.298032716030817,-0.9111077127665921,472.9826007326008,246.46520146520146,2.534381703064912,2.540863266110577,0.1561416552591401
9733,3.9558175175971746,2.0441824824028254,79.1163503519435,40.883649648056505,22.5,20.83073980637178,5.263204147219399,-1.7305775770869827,476.26282051282055,246.282967032967,2.5326829215332127,2.5379741872850383,0.10137345279669023
9766,3.9598345348038295,2.0401654651961705,79.19669069607659,40.80330930392341,22.587890625,20.75941647988778,2.6365300535996954,-2.5485157573333526,474.07600732600736,245.5540293040293,2.528220935019751,2.5379741872850383,0.08034034413308827
9800,3.9612046468642297,2.0387953531357703,79.2240929372846,40.775907062715405,22.67578125,20.660866682060725,2.6374721967047248,-3.3661617582658243,474.62271062271066,245.007326007326,2.5286998818711295,2.5380340166899407,0.027402241208008216
9833,3.9596351471291196,2.0403648528708804,79.19270294258239,40.807297057417614,22.763671875,20.535092968801806,2.637910505238774,-4.183671901207917,475.89835164835165,244.8250915750916,2.5286998818711295,2.535940421375881,-0.03138999470220777
9866,3.956836385911986,2.0431636140880145,79.13672771823971,40.86327228176029,22.763671875,20.38208168869756,0.0,-5.001179786870694,474.9871794871795,245.5540293040293,2.527305543313388,2.5353880049016273,-0.05597522434267541
9900,3.9512032985232532,2.0487967014767468,79.02406597046506,40.97593402953494,22.763671875,20.201397470065416,0.0,-5.820521963877001,475.71611721611725,245.18956043956044,2.5239068457978493,2.5353880049016273,-0.11266174777465698
9933,3.94245264431146,2.05754735568854,78.8490528862292,41.1509471137708,22.763671875,19.993940532530697,0.0,-6.6376926949531185,476.26282051282055,246.46520146520146,2.5230390549004222,2.5366002063268898,-0.17501308423585565
9966,3.9302810118768674,2.0697189881231326,78.60562023753735,41.39437976246265,22.763671875,19.759158561651862,0.0,-7.455224209031685,474.62271062271066,245.37179487179486,2.5230390549004222,2.5355507443541048,-0.2434326486918491
10000,3.914378573370789,2.085621426629211,78.28757146741579,41.71242853258421,22.763671875,19.49738807415614,0.0,-8.272011436403632,474.25824175824175,246.64743589743588,2.523141573810842,2.5355529417872527,-0.3180487701215671
10033,3.894404460271568,2.105595539728432,77.88808920543137,42.11191079456863,22.763671875,19.207247641894103,0.0,-9.09198385511383,476.44505494505495,246.46520146520146,2.5221914684134976,2.5355529417872527,-0.39948226198441883
10066,3.870028941501157,2.129971058498843,77.40057883002314,42.59942116997686,22.763671875,18.890305586559045,0.0,-9.910469098713563,474.62271062271066,246.46520146520146,2.5221263395483455,2.5367472572115646,-0.4875103754082288
10100,3.8409221931213846,2.1590778068786154,76.8184438624277,43.18155613757231,22.763671875,18.547383739513887,0.0,-10.725927729577887,474.07600732600736,246.46520146520146,2.5220967735111657,2.5356342488219625,-0.5821349675954447
10133,3.8107129562207582,2.1892870437792418,76.21425912441516,43.785740875584835,22.587890625,18.174923766494537,-5.2557146519271365,-11.546565354345226,471.88919413919416,253.02564102564102,2.5220967735111657,2.5448111520542582,-0.6041847380125369
10166,3.800749099037844,2.199250900962156,76.01498198075687,43.98501801924313,21.357421875,17.777757291543004,-37.03541867900133,-12.361765003647555,465.6932234432234,258.31043956043953,2.522881335214561,2.5448111520542582,-0.19927714365829044
10200,3.803148154013885,2.196851845986115,76.0629630802777,43.9370369197223,19.775390625,17.350470069701203,-47.28904748885163,-13.182617542596722,458.5860805860805,263.0485347985348,2.541213654868276,2.5605147075253973,0.047981099520824244
10233,3.787003901370392,2.212996098629608,75.74007802740785,44.25992197259215,19.3359375,16.898866088360535,-13.224628183533236,-13.997959404869798,457.31043956043953,265.0531135531136,2.556918084794736,2.556978724402429,-0.32288505286984615
10266,3.757293546408656,2.242706453591344,75.14587092817312,44.85412907182688,19.423828125,16.42376425869445,2.637796184173054,-14.323820803424793,453.4835164835165,266.87545787545787,2.556918084794736,2.5719685956956626,-0.5942070992347281
10300,3.7338953995505504,2.2661046004494496,74.67790799101101,45.32209200898899,18.984375,15.944347623667,-13.129806840441773,-14.323820803424793,453.84798534798534,268.5155677655677,2.552111618993752,2.5719685956956626,-0.46796293716211507
10333,3.712983190564612,2.2870168094353875,74.25966381129224,45.74033618870775,18.369140625,15.466829682656382,-18.454818516255685,-14.323820803424793,450.56776556776555,273.25366300366295,2.5549563896098255,2.575133516599938,-0.41824417971876476
10366,3.6879496207077773,2.3120503792922222,73.75899241415554,46.24100758584445,17.9296875,14.990374096529768,-13.211405212347058,-14.323820803424793,445.82967032967025,274.89377289377285,2.5605811896201383,2.5757822200491463,-0.5006713971366944
10400,3.6654044110290385,2.3345955889709615,73.30808822058077,46.69191177941923,17.314453125,14.512898339200806,-18.45644894916753,-14.323820803424793,443.2783882783882,278.17399267399264,2.5605811896201383,2.5802197618532583,-0.4509041935747729
10433,3.6407534557663292,2.3592465442336708,72.81506911532658,47.18493088467342,16.787109375,14.034869252650513,-15.801501601746855,-14.323820803424793,439.99816849816847,281.6364468864468,2.5664960342282073,2.5802197618532583,-0.49301910525419096
10466,3.615394557668282,2.384605442331718,72.30789115336565,47.692108846634355,16.259765625,13.55869217884231,-15.862958954316499,-14.323820803424793,438.35805860805857,283.4587912087911,2.571013778463591,2.5868961916225413,-0.5071779619609349
10500,3.591304904988348,2.408695095011652,71.82609809976695,48.17390190023304,15.64453125,13.081467088410161,-18.466143369844424,-14.323820803424793,434.3489010989011,286.73901098901104,2.5752085815716903,2.58971044873235,-0.48179305359868796
10533,3.56720405494626,2.43279594505374,71.3440810989252,48.655918901074806,15.029296875,12.603003517380058,-18.41834462054081,-14.323820803424793,431.79761904761904,290.56593406593413,2.5752085815716903,2.593132741993652,-0.4820170008417554
10566,3.541170749554928,2.458829250445072,70.82341499109856,49.176585008901434,14.501953125,12.124887427963403,-15.79862619980448,-14.323820803424793,427.78846153846155,292.3882783882784,2.580813974003335,2.593132741993652,-0.5206661078266372
10600,3.514546712484206,2.485453287515794,70.29093424968411,49.70906575031588,13.974609375,11.647198933282988,-15.812768071501463,-14.323820803424793,425.4194139194139,295.48626373626377,2.584043705535341,2.5977566374804026,-0.5324807414144382
10633,3.4873736876591126,2.5126263123408874,69.74747375318225,50.25252624681775,13.447265625,11.170571719087617,-15.84797752171536,-14.323820803424793,422.1391941391941,297.6730769230769,2.586286719883087,2.6012656822091973,-0.5434604965018615
10666,3.4616464125561235,2.538353587443876,69.23292825112247,50.76707174887752,12.83203125,10.69308138009393,-18.45588532362652,-14.323820803424793,418.312271062271,301.6822344322344,2.586286719883087,2.6047247846533543,-0.5145455020597701
10700,3.4361261834961083,2.563873816503892,68.72252366992217,51.27747633007784,12.216796875,10.215861847271533,-18.466358423109057,-14.323820803424793,415.9432234432234,305.32692307692304,2.5926075416510894,2.609718577146475,-0.5104045812003117
10733,3.4088378541373747,2.5911621458626253,68.1767570827475,51.8232429172525,11.689453125,9.738161950767953,-15.812390649637594,-14.323820803424793,413.3919413919414,309.1538461538462,2.5965569844777736,2.609718577146475,-0.545766587174668
10766,3.3831858709719826,2.616814129028017,67.66371741943965,52.33628258056034,11.07421875,9.261960211379709,-18.505826860120504,-14.323820803424793,407.92490842490844,310.61172161172163,2.6004278729843597,2.6133641290886085,-0.5130396633078463
10800,3.3578494711634743,2.6421505288365257,67.1569894232695,52.84301057673051,10.458984375,8.78465208571806,-18.46293089477793,-14.323820803424793,406.46703296703294,314.4386446886447,2.6004278729843597,2.616259989651957,-0.5067279961701591
10833,3.330911874579079,2.669088125420921,66.61823749158158,53.38176250841842,9.931640625,8.3067510374417,-15.802211855998904,-14.25151016112488,403.55128205128204,317.3543956043956,2.603283677919863,2.6198178561610304,-0.5387519316879096
10866,3.304197713409951,2.695802286590049,66.08395426819902,53.91604573180098,9.404296875,7.843819465356805,-15.767048257532707,-13.430867555489705,399.3598901098901,320.63461538461536,2.606484407064381,2.6198178561610304,-0.5342832233825604
10900,3.2780294676374786,2.7219705323625214,65.56058935274957,54.43941064725043,8.876953125,7.4105655712303635,-15.850862342958264,-12.614564234870345,396.808608058608,323.7326007326007,2.607510614755944,2.6242596781125846,-0.5233649154494528
10933,3.254577680550784,2.745422319449216,65.09155361101568,54.908446388984316,8.26171875,7.002628241972351,-18.406323851885105,-11.794431421772126,393.89285714285717,327.92399267399264,2.607510614755944,2.625812896032982,-0.46903574173388957
10966,3.2288819792880896,2.7711180207119104,64.57763958576179,55.42236041423821,7.822265625,6.623441408077099,-13.195478521618597,-10.97728841681285,388.9725274725275,330.29304029304024,2.610416116607795,2.6273527169859396,-0.5139140252538946
11000,3.2018004499783617,2.7981995500216383,64.03600899956723,55.96399100043277,7.470703125,6.272620338101523,-10.592446990464177,-10.162927543957842,386.0567765567766,332.8443223443224,2.612199892801045,2.6273527169859396,-0.5416305861945606
11033,3.1768211644090774,2.8231788355909226,63.53642328818155,56.46357671181845,7.03125,5.947209880072049,-13.171857756951084,-9.344319176786495,385.32783882783883,336.489010989011,2.6124959062602215,2.6316886811395475,-0.4995857113856804
11066,3.1549231622899607,2.8450768377100393,63.09846324579921,56.90153675420079,6.50390625,5.648883649020292,-15.793623014413686,-8.525057405536883,380.9542124542125,338.3113553113553,2.6124959062602215,2.6325005264606705,-0.4379600423823415
11100,3.137126519073738,2.862873480926262,62.742530381474765,57.257469618525235,5.888671875,5.378070412811594,-18.437223772225742,-7.706299096480407,376.94505494505495,342.5027472527472,2.616235374566835,2.633947206883407,-0.3559328643244466
11133,3.120459437594978,2.879540562405022,62.409188751899556,57.590811248100444,5.361328125,5.134647310260412,-15.808071519890005,-6.887786126763832,375.85164835164835,344.8717948717948,2.617330722082761,2.633947206883407,-0.33334162957521096
11166,3.1045850255038347,2.8954149744961653,62.09170051007669,57.90829948992331,4.921875,4.919233192010257,-13.21935355497314,-6.072118936519527,374.3937728937729,346.32967032967025,2.6193974395388757,2.636027089456718,-0.3174882418228651
11200,3.087055548638239,2.912944451361761,61.74111097276478,58.25888902723522,4.658203125,4.730415623271096,-7.908127420227568,-5.254029464912048,371.478021978022,348.51648351648345,2.6199306575301358,2.6365671411210414,-0.35058953731191494
11233,3.0747966952850487,2.9252033047149513,61.49593390570097,58.50406609429903,4.21875,4.56877760719243,-13.171565213033078,-4.4354029162341595,371.478021978022,351.4322344322344,2.6199306575301358,2.638038600612369,-0.24517706706380793
11266,3.0634926800585958,2.9365073199414042,61.26985360117192,58.73014639882808,3.8671875,4.434383413051706,-10.531260511012938,-3.616310617852196,368.92673992673997,351.79670329670324,2.6206978134940115,2.638038600612369,-0.22608030452905375
11300,3.0527773913560203,2.9472226086439797,61.05554782712041,58.94445217287959,3.603515625,4.327774525794954,-7.935962173211805,-2.801090529674751,366.9221611721612,354.1657509157509,2.621199958560341,2.6388300555912934,-0.21430577405151074
11333,3.0442172199707227,2.9557827800292773,60.88434439941446,59.11565560058554,3.33984375,4.248057038248314,-7.912654037647305,-1.9834690651399247,366.37545787545787,355.07692307692304,2.6210609485140113,2.638418466221069,-0.17120342770594754
11366,3.038112876742161,2.961887123257839,60.762257534843215,59.237742465156785,3.076171875,4.195547636430143,-7.90504950927322,-1.1650610621249757,364.3708791208792,355.62362637362645,2.6210609485140113,2.6386912445878727,-0.12208686457124497
11400,3.0307459206687257,2.9692540793312743,60.61491841337451,59.38508158662549,2.98828125,4.170342169204336,-2.6363938671691,-0.3470806301943631,364.18864468864473,356.8992673992675,2.622444179321881,2.6386912445878727,-0.14733912146870132
11433,3.0269939997584383,2.9730060002415617,60.53987999516877,59.46012000483123,2.8125,4.172247939908008,-5.265945901838873,0.4533970297328058,364.3708791208792,357.6282051282052,2.6220660250627845,2.6399594684272745,-0.07503841820574333
11466,3.023806024209675,2.976193975790325,60.47612048419351,59.52387951580649,2.724609375,4.200516613578724,-2.632875068371903,1.240250867834705,363.64194139194143,356.17032967032975,2.6222805142871555,2.6391475248609786,-0.06375951097525992
11500,3.0227544375350535,2.9772455624649465,60.455088750701066,59.544911249298934,2.63671875,4.254927979696592,-2.6377125873123908,2.0256616297032335,363.2774725274726,358.35714285714295,2.6222805142871555,2.639180631293978,-0.021031733492445734
11533,3.0241027891969514,2.9758972108030486,60.482055783939025,59.517944216060975,2.548828125,4.335429163802597,-2.63998671043887,2.8103958272654763,362.91300366300374,358.7216117216118,2.622889749414761,2.639180631293978,0.026967033237959244
11566,3.0261166461145113,2.9738833538854887,60.52233292229023,59.47766707770977,2.548828125,4.442368769551415,0.0,3.5971815681824033,363.2774725274726,358.17490842490844,2.6224983525009167,2.63998777505008,0.04027713835120547
11600,3.0303555982290993,2.9696444017709007,60.60711196458199,59.39288803541801,2.548828125,4.574780473237036,0.0,4.379717091011267,361.4551282051283,358.17490842490844,2.6226980132164965,2.6394170614195556,0.08477904229175473
11633,3.037111990149533,2.962888009850467,60.74223980299066,59.25776019700934,2.548828125,4.735223061090018,0.0,5.171612102519228,363.8241758241759,357.6282051282052,2.6226980132164965,2.6392569097199163,0.13512783840866976
11666,3.0466291108693015,2.9533708891306985,60.93258221738603,59.06741778261397,2.548828125,4.919930424591135,0.0,5.95425239932452,362.91300366300374,357.99267399267404,2.623658205542205,2.6392569097199163,0.1903424143953693
11700,3.0592023083428694,2.9407976916571306,61.18404616685739,58.81595383314261,2.548828125,5.131523679948666,0.0,6.740039852618899,362.91300366300374,357.81043956043965,2.622732544408242,2.6394651972929624,0.2514639494713641
11733,3.0751239795380867,2.9248760204619133,61.50247959076173,58.49752040923827,2.548828125,5.369089566715104,0.0,7.525128914667087,364.18864468864473,357.44597069597074,2.62279308400111,2.6391475248609786,0.3184334239043351
11766,3.0947001577793674,2.9052998422206326,61.89400315558734,58.10599684441266,2.548828125,5.632813139832937,0.0,8.310242443687862,362.91300366300374,357.0815018315019,2.62279308400111,2.6391028977917683,0.3915235648256109
11800,3.1182571739609504,2.8817428260390496,62.365143479219014,57.634856520780986,2.548828125,5.923374151457756,0.0,9.097135551364802,364.735347985348,356.717032967033,2.623504111479288,2.638984043636053,0.4711403236316751
11833,3.146133862452189,2.853866137547811,62.92267724904378,57.07732275095622,2.548828125,6.240901429125515,0.0,9.88569045255446,364.9175824175824,356.8992673992675,2.6228815131398653,2.638984043636053,0.5575337698247649
11866,3.170542083593746,2.829457916406254,63.41084167187491,56.58915832812509,2.900390625,6.581556778615158,10.60540612977254,10.667060945090482,367.6510989010989,349.7921245421245,2.6275185956645406,2.639278204096559,0.488164422831134
11900,3.1708106841679675,2.8291893158320325,63.41621368335935,56.58378631664065,4.39453125,6.949556331060843,44.90235333636815,11.45140053712977,374.5760073260073,345.4184981684981,2.6275185956645406,2.631091185698193,0.005372011484438111
11933,3.167948907298909,2.832051092701091,63.35897814597818,56.64102185402182,5.712890625,7.345176530739158,39.472235842941416,12.238670807694529,380.2252747252748,341.95604395604397,2.6244991680191085,2.6394898492046597,-0.05723553738117662
11966,3.185186066264884,2.814813933735116,63.70372132529768,56.29627867470232,5.888671875,7.76532046397857,5.28447677209984,13.022736266636088,381.13644688644695,339.040293040293,2.616674467724062,2.6394898492046597,0.34474317931950443
12000,3.209795215146743,2.790204784853257,64.19590430293485,55.80409569706515,5.888671875,8.213861862368315,0.0,13.810756007209747,382.41208791208794,336.8534798534798,2.6231796332017505,2.6373215109197905,0.492182977637171
12033,3.231040039057649,2.7689599609423503,64.62080078115298,55.37919921884701,6.240234375,8.677699252070575,10.514415841303093,13.874907228273809,386.23901098901104,336.67124542124543,2.6231796332017505,2.6341864244283824,0.42489647821813675
12066,3.2520897371798405,2.74791026282016,65.04179474359681,54.9582052564032,6.6796875,9.137801151794298,13.25221944141354,13.874907228273809,386.42124542124543,333.2087912087912,2.6229371448733616,2.6325121498041533,0.4209939624438255
12100,3.2744065924468173,2.7255934075531827,65.48813184893635,54.51186815106365,7.119140625,9.601373054841616,13.15302178684373,13.874907228273809,390.0659340659341,331.5686813186813,2.6202691053528495,2.6325121498041533,0.4463371053395402
12133,3.2958650078590392,2.7041349921409608,65.91730015718079,54.08269984281921,7.646484375,10.062193882946554,15.877853522267118,13.874907228273809,393.34615384615387,327.92399267399264,2.6189627068491093,2.6327805251536853,0.429168308244446
12166,3.3178470054850426,2.6821529945149574,66.35694010970084,53.643059890299156,8.173828125,10.524751113994693,15.818249326856854,13.874907228273809,394.62179487179486,324.8260073260073,2.6189627068491093,2.6306978065055646,0.4396399525200546
12200,3.340311210746513,2.659688789253487,66.80622421493027,53.19377578506973,8.701171875,10.987878506664622,15.798775292643437,13.874907228273809,397.90201465201466,322.4569597069597,2.619152447508127,2.6285518880839436,0.44928410522942486
12233,3.36325948230063,2.63674051769937,67.2651896460126,52.7348103539874,9.228515625,11.452431670884033,15.750286882566972,13.874907228273809,401.3644688644688,321.36355311355305,2.61793189311028,2.6285518880839436,0.4589654310823351
12266,3.3885529769265226,2.611447023073477,67.77105953853045,52.22894046146954,9.66796875,11.912982965001799,13.239288258282286,13.874907228273809,403.36904761904765,316.9899267399268,2.616259989651957,2.627446302501329,0.5058698925178567
12300,3.412990620454039,2.5870093795459614,68.25981240908078,51.74018759091923,10.1953125,12.375947452360993,15.804334475838901,13.874907228273809,406.28479853479854,314.0741758241758,2.6147767955072365,2.6243088460712345,0.4887528705503222
12333,3.4377931570059364,2.5622068429940636,68.75586314011873,51.244136859881266,10.72265625,12.837615412896037,15.848718633582957,13.874907228273809,409.9294871794872,310.97619047619054,2.6147767955072365,2.618877791607078,0.4960507310379525
12366,3.465005825671815,2.534994174328185,69.3001165134363,50.69988348656371,11.162109375,13.300689886636334,13.16715061251588,13.874907228273809,412.8452380952381,308.6071428571429,2.613380512099822,2.618877791607078,0.5442533733175565
12400,3.4932683906470805,2.5067316093529195,69.86536781294161,50.134632187058386,11.6015625,13.762549265361004,13.201791760484912,13.874907228273809,416.12545787545787,304.59798534798534,2.6108893346050035,2.617572433345235,0.5652512995053228
12433,3.5226717103965814,2.477328289603419,70.45343420793162,49.54656579206838,12.041015625,14.227073653062149,13.126052155678885,13.874907228273809,419.58791208791206,301.6822344322344,2.6086768767806627,2.6134224763048985,0.5880663949900062
12466,3.551112970636599,2.4488870293634006,71.02225941273198,48.977740587268016,12.568359375,14.689109812009473,15.836088728055962,13.874907228273809,420.4990842490842,298.21978021978026,2.6086768767806627,2.608652368636294,0.5688252048003632
12500,3.579895676289975,2.4201043237100253,71.5979135257995,48.4020864742005,13.095703125,15.150242825481303,15.8671042733899,13.874907228273809,426.14835164835165,295.1217948717949,2.604989207932201,2.608652368636294,0.575654113067512
12533,3.6090464890277825,2.390953510972217,72.18092978055566,47.81907021944434,13.623046875,15.612815221825642,15.817730730333816,13.874907228273809,429.06410256410254,291.65934065934067,2.6010587604770747,2.605177289011597,0.5830162547561568
12566,3.6385325845753465,2.3614674154246535,72.77065169150693,47.22934830849307,14.150390625,16.07609318498648,15.793640514948892,13.874907228273809,433.61996336996333,286.9212454212455,2.598155756857023,2.6009775682805465,0.5897219109512651
12600,3.668184590323135,2.331815409676865,73.3636918064627,46.636308193537296,14.677734375,16.537670536573664,15.8217560783928,13.671533784329887,436.17124542124543,284.1877289377289,2.598155756857023,2.595216936366794,0.5930401149557764
12633,3.6975250052701853,2.3024749947298147,73.9505001054037,46.049499894596295,15.205078125,16.97942022021721,15.852530071712863,12.887423799329598,441.63827838827837,282.1831501831501,2.5929296304560907,2.595216936366794,0.5868082989410073
12666,3.726363935761839,2.273636064238161,74.52727871523679,45.47272128476321,15.732421875,17.396386545653925,15.80148408378598,12.100780782076425,443.64285714285705,276.71611721611714,2.5879354930151584,2.5906430776647267,0.5767786098330846
12700,3.7544312839119613,2.2455687160880387,75.08862567823923,44.911374321760775,16.259765625,17.78741634582385,15.788264218787438,11.31347909111815,447.1053113553113,272.3424908424908,2.581951643392342,2.585609577358639,0.5613469630024331
12733,3.781414780025092,2.2185852199749077,75.62829560050184,44.37170439949816,16.787109375,18.15083958330335,15.847298388580468,10.529110247170305,451.2967032967033,269.9734432234432,2.581951643392342,2.578116288214725,0.5396699222626177
12766,3.8071085581175668,2.1928914418824332,76.14217116235133,43.85782883764866,17.314453125,18.48937222000506,15.788351665920718,9.741812916849376,454.03021978021974,266.1465201465201,2.576718168199886,2.578116288214725,0.5138755618494952
12800,3.8291566553294807,2.1708433446705193,76.58313310658961,43.416866893410386,17.9296875,18.800887572513886,18.464244675264506,8.956413068407922,457.492673992674,263.4130036630036,2.5690099299444547,2.572439537265673,0.44096194423828605
12833,3.8525917290199745,2.1474082709800255,77.05183458039949,42.94816541960051,18.369140625,19.086203652103073,13.190175648053135,8.171098335659458,461.68406593406587,260.4972527472527,2.5622503619945554,2.5659787651467765,0.4687014738098811
12866,3.8744874385131673,2.1255125614868327,77.48974877026335,42.51025122973665,18.80859375,19.34482790626111,13.218521313377362,7.387467623994815,462.9597069597069,257.5815018315018,2.5622503619945554,2.5601559997690297,0.4379141898638614
12900,3.8925889759824317,2.1074110240175683,77.85177951964863,42.14822048035136,19.3359375,19.578102836651112,15.811609316477515,6.601328346964122,465.14652014652006,255.21245421245413,2.5561622179156984,2.5548374789499935,0.362030749385289
12933,3.909875973376596,2.0901240266234042,78.19751946753192,41.80248053246808,19.775390625,19.785153751920653,13.176677312431273,5.815209129019572,468.6089743589743,253.57234432234426,2.5490550658690547,2.5548374789499935,0.34573994788328466
12966,3.9287560372310857,2.0712439627689143,78.57512074462171,41.424879255378286,20.0390625,19.966074848718375,7.901864586378771,5.028677862831183,470.4313186813186,250.1098901098901,2.543058420526759,2.551241579203179,0.37760127708979857
13000,3.944313764828412,2.0556862351715877,78.88627529656824,41.11372470343175,20.390625,20.120201959599544,10.576808318620888,4.245194683262183,472.0714285714286,248.65201465201463,2.543058420526759,2.5458620856545164,0.31115455194653485
13033,3.9556298220297252,2.0443701779702748,79.1125964405945,40.8874035594055,20.830078125,20.24911316416851,13.126669293296098,3.456080626031664,475.89835164835165,246.8296703296703,2.5394090252792085,2.5401337861961673,0.2263211440262619
13066,3.9656105612087673,2.0343894387912327,79.31221122417534,40.68778877582465,21.181640625,20.350959066633624,10.577957799261728,2.672682585651574,474.07600732600736,245.73626373626374,2.5315410731696684,2.5401337861961673,0.1996147835808499
13100,3.974710911316905,2.025289088683095,79.4942182263381,40.505781773661894,21.4453125,20.427134825997975,7.88738882876094,1.8847077953495157,476.6272893772894,244.27838827838826,2.5252923659613122,2.5387343843313865,0.18200700216276508
13133,3.9832957354838805,2.0167042645161195,79.66591470967761,40.33408529032239,21.62109375,20.47673039509968,5.2926149728137055,1.1018479563350545,477.5384615384616,243.00274725274727,2.5252923659613122,2.5326929303404877,0.1716964833394981
13166,3.9898204629782312,2.0101795370217683,79.79640925956463,40.20359074043537,21.796875,20.500390053491607,5.260164894423137,0.3141586369421777,478.08516483516485,241.72710622710622,2.521040912038473,2.530588000118377,0.13049454988702613
13200,3.994221128350051,2.0057788716499485,79.88442256700102,40.11557743299897,21.97265625,20.501664703289293,5.267635041681941,-0.08171988440116078,478.63186813186815,242.45604395604394,2.5167470810523715,2.530588000118377,0.08801330743640512
13233,3.998520064866135,2.001479935133865,79.9704012973227,40.0295987026773,22.060546875,20.496689031958315,2.641661827847975,-0.2173800713212156,481.7298534798535,241.5448717948718,2.515260570529381,2.529420062629499,0.08597873032167874
13266,3.999317693914606,2.000682306085394,79.98635387829212,40.01364612170788,22.236328125,20.48717074200455,5.270284710194236,-0.3533758882653147,480.27197802197804,239.90476190476193,2.515260570529381,2.526811416632951,0.015952580969428982
13300,4.001844482638242,1.9981555173617576,80.03688965276484,39.96311034723515,22.236328125,20.473160872026263,0.0,-0.4890022447193881,480.27197802197804,239.54029304029305,2.5154471604935402,2.525201591353306,0.05053577447272923
13333,4.001408191067395,1.9985918089326047,80.0281638213479,39.97183617865209,22.32421875,20.45454987014275,2.630949971192518,-0.6252147691950982,481.00091575091574,240.08699633699635,2.5148858249114867,2.525201591353306,-0.008725831416933262
13366,4.001259534313308,1.998740465686692,80.02519068626616,39.97480931373384,22.32421875,20.43149370223772,0.0,-0.7608637024088888,481.00091575091574,240.2692307692308,2.513575687909412,2.5259402155901305,-0.0029731350817455314
13400,4.000035872152568,1.9999641278474314,80.00071744305137,39.99928255694863,22.32421875,20.40387456057205,0.0,-0.8967408211301041,480.27197802197804,240.81593406593407,2.513850215183401,2.5242166262715724,-0.024473243214782392
13433,3.9976902934655723,2.0023097065344277,79.95380586931144,40.04619413068856,22.32421875,20.371740544670708,0.0,-1.0325661441914114,479.9075091575092,240.81593406593407,2.513850215183401,2.5244474641241688,-0.04691157373993472
13466,3.994171873844195,2.0058281261558046,79.8834374768839,40.116562523116094,22.32421875,20.33502620529932,0.0,-1.1685861240100583,480.81868131868134,240.08699633699635,2.514069869385822,2.5244474641241688,-0.07036839242753352
13500,3.989429736818934,2.010570263181066,79.78859473637868,40.211405263621316,22.32421875,20.293786670036166,0.0,-1.3045675924645788,480.27197802197804,240.4514652014652,2.513260003251744,2.525693197784043,-0.09484274050521782
13533,3.9834123347304877,2.0165876652695123,79.66824669460975,40.33175330539025,22.32421875,20.248068736054158,0.0,-1.4403889889471488,480.27197802197804,242.6382783882784,2.5125404808258507,2.5246743763929196,-0.12034804176893894
13566,3.9760600479433275,2.023939952056672,79.52120095886656,40.47879904113344,22.32421875,20.197643657587527,0.0,-1.5766833638576272,478.63186813186815,240.99816849816852,2.5125404808258507,2.524848231263611,-0.14704573574318758
13600,3.9673981546984622,2.0326018453015378,79.34796309396924,40.65203690603076,22.32421875,20.144765821129052,0.0,-1.5930837419204589,478.63186813186815,240.99816849816852,2.512803321365731,2.524848231263611,-0.17323786489731302
13633,3.9574066530853313,2.0425933469146687,79.14813306170663,40.85186693829337,22.32421875,20.09161955022365,0.0,-1.5930837419204589,481.7298534798535,241.5448717948718,2.5120351028927197,2.52599142613764,-0.1998300322626133
13666,3.946065123370235,2.053934876629765,78.9213024674047,41.0786975325953,22.32421875,20.038540690664718,0.0,-1.5930837419204589,478.2673992673993,241.72710622710622,2.5124250607966734,2.524895450836418,-0.22683059430193073
13700,3.933346108145388,2.0666538918546125,78.66692216290775,41.33307783709225,22.32421875,19.98525812348168,0.0,-1.5930837419204589,478.2673992673993,242.0915750915751,2.5124250607966734,2.525014051500975,-0.2543803044969443
13733,3.9192316078697416,2.080768392130258,78.38463215739483,41.61536784260516,22.32421875,19.9321358077818,0.0,-1.5930837419204589,480.0897435897436,242.45604395604394,2.513446235096009,2.525014051500975,-0.28229000551291267
13766,3.9037057979331293,2.0962942020668707,78.07411595866259,41.92588404133742,22.32421875,19.879246612806536,0.0,-1.5930837419204589,478.63186813186815,242.27380952380952,2.5117239060561882,2.5259440392572117,-0.31051619873225
13800,3.8927754915934223,2.1072245084065777,77.85550983186845,42.144490168131554,22.060546875,19.826065265387683,-7.898471882554596,-1.5930837419204589,477.5384615384616,247.74084249084245,2.5131698766406876,2.527608021434707,-0.2186061267941381
13833,3.890625700942819,2.109374299057181,77.81251401885638,42.18748598114362,21.4453125,19.772870257276047,-18.425034887223656,-1.5930837419204589,474.9871794871795,251.02106227106225,2.5131698766406876,2.5447372741424172,-0.04299581301206096
13866,3.894295904892215,2.105704095107785,77.8859180978443,42.114081902155704,20.7421875,19.719936988041187,-21.1613040764196,-1.5930837419204589,468.6089743589743,252.84340659340654,2.5231040827931106,2.5447372741424172,0.07340407898792373
13900,3.892565853526236,2.107434146473764,77.85131707052473,42.14868292947527,20.478515625,19.666656278395884,-7.883742165983132,-1.5930837419204589,467.33333333333326,254.84798534798531,2.5306912533727712,2.546020030586171,-0.03460102731956863
13933,3.8861364291880873,2.1138635708119127,77.72272858376175,42.27727141623825,20.478515625,19.613633058881007,0.0,-1.5930837419204589,468.42673992673986,255.3946886446886,2.5313944747364343,2.549343180071164,-0.1285884867629749
13966,3.880949601595335,2.119050398404665,77.6189920319067,42.3810079680933,20.390625,19.560536952254978,-2.6342662216530237,-1.5716901916684036,467.5155677655677,255.03021978021974,2.5313944747364343,2.552522043974816,-0.1037365518550471
14000,3.875784880680012,2.124215119319988,77.51569761360024,42.48430238639976,20.302734375,19.510407899775778,-2.6364641731603804,-1.4357625576069677,466.78663003662996,256.12362637362634,2.5325204580967724,2.5529580989232783,-0.10329441830645841
14033,3.8706935113603675,2.129306488639632,77.41387022720735,42.58612977279264,20.21484375,19.464826911748574,-2.6374809818971974,-1.2998873267313131,465.6932234432234,255.94139194139188,2.5310396770355656,2.5529580989232783,-0.10182738639287664
14066,3.865730393380078,2.134269606619922,77.31460786760155,42.68539213239844,20.126953125,19.423814402855292,-2.6402452464647053,-1.1641543535064638,464.41758241758237,256.3058608058608,2.531459825922838,2.5533073841792486,-0.09926235960579563
14100,3.860946440982877,2.139053559017123,77.21892881965753,42.781071180342465,20.0390625,19.387263402361153,-2.6358653094602005,-1.0281958369391584,463.6886446886446,257.21703296703294,2.531459825922838,2.5534843438725847,-0.09567904794402154
14133,3.856400431958611,2.143599568041389,77.12800863917222,42.87199136082778,19.951171875,19.355233791893728,-2.634800062195098,-0.8921823524674498,464.7820512820512,257.94597069597063,2.532770534886986,2.5546707957385992,-0.0909201804853147
14166,3.8541657191130576,2.1458342808869424,77.08331438226115,42.91668561773885,19.775390625,19.32774451432859,-5.270278863959596,-0.7561863846654024,462.77747252747247,257.94597069597063,2.5327325548311266,2.5546707957385992,-0.04469425691107565
14200,3.851015073930066,2.148984926069934,77.02030147860133,42.979698521398674,19.6875,19.304872029651428,-2.6454784580636805,-0.6207219146172387,460.9551282051281,257.76373626373623,2.533694659518509,2.556069495746708,-0.0630129036598195
14233,3.8483125287203137,2.1516874712796863,76.96625057440627,43.033749425593726,19.599609375,19.286382288156453,-2.626270919062315,-0.4842667093509892,462.41300366300356,258.6749084249084,2.533694659518509,2.5556111025470236,-0.05405090419505473
14266,3.8461387823492426,2.1538612176507574,76.92277564698485,43.077224353015154,19.51171875,19.272506816956945,-2.637061805342298,-0.3483698803045753,463.1419413919413,259.5860805860805,2.5345976024734704,2.5573128372531393,-0.04347492742142722
14300,3.8425410257715966,2.1574589742284034,76.85082051543193,43.149179484568066,19.51171875,19.263177724859084,0.0,-0.21280045709131382,461.1373626373626,260.3150183150182,2.5347350073705694,2.5573128372531393,-0.07195513155290978
14333,3.8408830765438218,2.1591169234561782,76.81766153087644,43.182338469123565,19.423828125,19.258348606454394,-2.6356779733082902,-0.07683227699698775,462.0485347985348,260.8617216117216,2.536967720061054,2.5597284082588394,-0.033158984555493626
14366,3.839021537698126,2.160978462301874,76.78043075396252,43.21956924603748,19.3359375,19.246395112932976,-2.6352184412072,-1.5479478143922272,460.5906593406593,260.4972527472527,2.536967720061054,2.5598133885916594,-0.03723077691392035
14400,3.835164311850173,2.164835688149827,76.70328623700347,43.29671376299653,19.248046875,19.135560767417424,-2.6372669849140737,-5.103495618231802,460.2261904761904,260.6794871794871,2.5384321080179375,2.5598133885916594,-0.07714451695905354
14433,3.8263494940579235,2.1736505059420765,76.52698988115847,43.47301011884153,19.248046875,18.90631296889906,0.0,-8.658055591641368,460.9551282051281,261.043956043956,2.5384674648165992,2.5598133885916594,-0.17629635584499487
14466,3.8148710443698066,2.1851289556301934,76.29742088739613,43.702579112603864,19.16015625,18.558237482074972,-2.6354101369880722,-12.216108550740348,458.5860805860805,261.5906593406593,2.5388996478726216,2.5613678818866235,-0.22956899376233358
14500,3.800387317130543,2.199612682869457,76.00774634261086,43.99225365738914,18.984375,18.092113531948797,-5.2769619827153615,-15.770020391327371,457.8571428571428,262.1373626373626,2.53931735080979,2.5608311129811585,-0.28967454478526805
14533,3.782543580951528,2.217456419048472,75.65087161903057,44.34912838096943,18.720703125,17.50812165958191,-7.921802091629603,-19.32107937811692,457.31043956043953,264.5064102564103,2.53931735080979,2.56354931695876,-0.3568747235802911
14566,3.762952760498201,2.2370472395017984,75.25905520996403,44.74094479003597,18.28125,16.80452240416838,-13.178550714125288,-22.878727347062128,453.301282051282,264.6886446886447,2.542811094362328,2.56354931695876,-0.3918164090665363
14600,3.7379212629509517,2.2620787370490483,74.75842525901903,45.241574740980965,17.841796875,15.981419001024058,-13.165551020678974,-26.439888145277724,451.84340659340654,267.9688644688644,2.546243914724796,2.5675870210555427,-0.500629950944993
14633,3.7063683975583057,2.293631602441694,74.12736795116612,45.87263204883387,17.40234375,15.040258117559715,-13.176216649656327,-29.99816632393625,449.6565934065934,272.7069597069597,2.5517021249171266,2.571053884954655,-0.6310573078529055
14666,3.6731606761555544,2.326839323844446,73.46321352311108,46.53678647688892,16.69921875,13.979429109593429,-21.063269343174003,-33.559599711536606,446.74084249084245,274.89377289377285,2.5517021249171266,2.5772762663432744,-0.6641544280550431
14700,3.635369918586394,2.364630081413606,72.70739837172788,47.29260162827212,15.908203125,12.804391602730707,-23.78598476069996,-37.107586493508514,441.82051282051276,279.6318681318681,2.5597678330345626,2.5772762663432744,-0.7558151513832031
14733,3.5918500446993384,2.408149955300661,71.83700089398677,48.162999106013224,15.1171875,11.533057799723382,-23.698754366410636,-38.283044323153504,437.264652014652,283.82326007326,2.5666721287806156,2.584817063008716,-0.8703974777411023
14766,3.5430431881269318,2.4569568118730687,70.86086376253863,49.13913623746138,14.326171875,10.258616823834316,-23.761387781067306,-38.283044323153504,431.79761904761904,287.4679487179488,2.5738368446691253,2.590845920588016,-0.9761371314481477
14800,3.4926310954927997,2.5073689045072003,69.852621909856,50.147378090144,13.359375,8.978500042022015,-28.91293055678276,-38.283044323153504,425.9661172161172,294.5750915750916,2.5738368446691253,2.5968224425085835,-1.0082418526826284
14833,3.4401269564177137,2.5598730435822863,68.80253912835427,51.197460871645724,12.3046875,7.707992266084505,-31.779930099036154,-38.283044323153504,419.9523809523809,301.5,2.5831952773342426,2.5968224425085835,-1.0500827815017229
14866,3.385840463528946,2.614159536471054,67.71680927057892,52.28319072942108,11.162109375,6.429323119425392,-34.20851212084646,-38.283044323153504,412.6630036630036,306.7847985347985,2.593100356177293,2.6063583027942645,-1.0857298577753465
14900,3.3265192692563015,2.6734807307436976,66.53038538512604,53.469614614873954,10.107421875,5.152039971999474,-31.611352886747333,-38.283044323153504,406.83150183150184,314.0741758241758,2.5993459690306064,2.61166903303908,-1.1864238854528746
14933,3.26752105873529,2.73247894126471,65.3504211747058,54.6495788252942,8.876953125,3.879996624832877,-37.03182741329642,-38.283044323153504,399.90659340659334,321.36355311355305,2.5993459690306064,2.6196607830144383,-1.1799642104202401
14966,3.205905716047564,2.794094283952436,64.11811432095128,55.88188567904872,7.646484375,2.59910143394747,-36.7759126817734,-38.283044323153504,392.7994505494505,327.1950549450549,2.6059299601558576,2.6196607830144383,-1.232306853754526
15000,3.1418787067993703,2.8581212932006297,62.8375741359874,57.1624258640126,6.416015625,1.322317382532396,-36.894328091189045,-38.283044323153504,384.7811355311356,335.03113553113553,2.610142690275394,2.625853857370439,-1.2805401849638762
15033,3.075416236552223,2.924583763447777,61.50832473104446,58.49167526895554,5.185546875,0.047806922973745,-36.960143670235254,-38.283044323153504,377.3095238095238,343.5961538461538,2.613276324522397,2.6305629746814465,-1.329249404942943
15066,3.01050294163873,2.98949705836127,60.2100588327746,59.7899411672254,3.779296875,-1.2265369671667292,-42.2456854040397,-38.283044323153504,369.65567765567766,350.3388278388278,2.613276324522397,2.6357004307510405,-1.298265898269862
15100,2.948467381630256,3.051532618369744,58.969347632605114,61.030652367394886,2.28515625,-2.455764374895936,-44.7610363081484,-35.060279783356805,362.36630036630044,358.35714285714295,2.6184104712723864,2.637904661431344,-1.2407112001694836
15133,2.8893301954339212,3.1106698045660788,57.78660390867842,62.21339609132158,0.791015625,-3.564548035793007,-44.85073540469955,-31.506095247037152,354.5302197802197,367.6510989010989,2.621944853895991,2.637904661431344,-1.1827437239266907
15166,2.830049508324497,3.169950491675503,56.60099016648994,63.39900983351006,-0.52734375,-4.5571688695454915,-39.47919677686039,-27.943359831212078,346.32967032967025,373.48260073260076,2.6217107674813747,2.6389723774032072,-1.1856137421884787
15200,2.772443947409656,3.227556052590344,55.448878948193126,64.55112105180687,-1.7578125,-5.428612809173388,-36.94723668741907,-24.39026586590346,339.040293040293,380.77197802197804,2.6217107674813747,2.63981575368056,-1.152111218296817
15233,2.7189073230252108,3.2810926769747892,54.37814646050421,65.62185353949579,-2.98828125,-6.180499735100948,-37.01266460609535,-20.843452765414636,332.6620879120879,388.7902930402931,2.6191556196396655,2.6401678391753642,-1.070732487688914
15266,2.6724037172022945,3.3275962827977055,53.44807434404589,66.55192565595411,-4.306640625,-6.818212903187091,-39.4001022583441,-17.27356526555516,325.19047619047615,394.4395604395604,2.617701513382073,2.6401678391753642,-0.9300721164583167
15300,2.62708079991079,3.37291920008921,52.5416159982158,67.4583840017842,-5.361328125,-7.3330437156761485,-31.7574779114624,-13.730363681666638,319.7234432234432,400.6355311355311,2.614170528476014,2.6403962290093848,-0.9064583458300893
15333,2.5857888467614547,3.4142111532385457,51.715776935229094,68.28422306477091,-6.328125,-7.732483880920483,-28.91579721194497,-10.163240270065204,314.98534798534797,406.28479853479854,2.614170528476014,2.6394781796176128,-0.8258390629867092
15366,2.549171519040428,3.450828480959572,50.98343038080856,69.01656961919144,-7.20703125,-8.011813065259357,-26.388036423554137,-6.609762972307672,309.33608058608064,409.7472527472528,2.6102436779989806,2.6391758184258145,-0.7323465544205342
15400,2.5176512455741804,3.4823487544258196,50.353024911483615,69.64697508851638,-7.998046875,-8.172905815782922,-23.72143112176418,-3.052120977861581,304.59798534798534,414.48534798534797,2.607374124413113,2.6391758184258145,-0.6304054693249426
15433,2.4894963155700958,3.5105036844299042,49.78992631140191,70.21007368859809,-8.61328125,-8.216511669199877,-18.473372056835647,0.021848342410680018,301.5,420.68131868131866,2.6030187999880243,2.6356078593805274,-0.5630986000817028
15466,2.4644765341396155,3.5355234658603845,49.28953068279232,70.71046931720768,-9.140625,-8.213212823472013,-15.858329832627831,0.17655804287186835,298.40201465201466,421.22802197802196,2.6030187999880243,2.632484108619162,-0.5003956286095996
15500,2.4441353626851567,3.5558646373148433,48.88270725370314,71.11729274629687,-9.66796875,-8.204730136735286,-15.802124255263454,0.331818020491863,295.1217948717949,424.8727106227106,2.598769571661904,2.630028248711792,-0.40682342908918
15533,2.426758270008826,3.573241729991174,48.53516540017652,71.46483459982349,-10.107421875,-8.191082204862196,-13.181449786499986,0.4869247233431502,293.48168498168496,428.1529304029304,2.5937963586586177,2.630028248711792,-0.3475418535266235
15566,2.411866882218652,3.588133117781348,48.23733764437304,71.76266235562696,-10.458984375,-8.172239414314527,-10.533451906506201,0.6422038271606533,290.56593406593413,429.61080586080584,2.5912004564334365,2.628956240828393,-0.2978277558034718
15600,2.400993752739351,3.599006247260649,48.01987505478702,71.98012494521298,-10.810546875,-8.148303021491909,-10.568788643259925,0.7969637554131825,289.1080586080587,431.79761904761904,2.5885728897660183,2.626684435779117,-0.2174625895860215
15633,2.3943047180018113,3.6056952819981887,47.886094360036225,72.11390563996378,-11.162109375,-8.119103274585008,-10.53041953438304,0.9522875738808654,288.5613553113553,433.2554945054945,2.5885728897660183,2.6249958959021664,-0.13378069475079865
15666,2.387994584630497,3.612005415369503,47.75989169260994,72.24010830739006,-11.337890625,-8.084717504612907,-5.265142584221379,1.1076133742731193,286.5567765567766,433.61996336996333,2.5878627031232466,2.6249958959021664,-0.12620266742628433
15700,2.3828109863573506,3.6171890136426494,47.65621972714702,72.34378027285298,-11.42578125,-8.04528260695023,-2.641126711186133,1.2624360267815722,287.1034798534799,433.43772893772893,2.584873608604109,2.6251747177378766,-0.10367196546292076
15733,2.380160127811859,3.619839872188141,47.60320255623718,72.39679744376282,-11.513671875,-8.000659848118573,-2.639128036317757,1.417375930192734,286.73901098901104,433.8021978021977,2.5834269078943737,2.6229307868713807,-0.05301717090983585
15766,2.3801396572396074,3.6198603427603926,47.60279314479215,72.39720685520786,-11.6015625,-7.9508289769247344,-2.636702877039086,1.5724583426244105,286.19230769230774,433.8021978021977,2.5834269078943737,2.6228651852008125,-0.0004094114450270067
15800,2.3808337850858186,3.6191662149141814,47.616675701716375,72.38332429828363,-11.6015625,-7.895860780224846,0.0,1.7274542521567149,286.19230769230774,435.9890109890109,2.5836260785890564,2.6228651852008125,0.013882556924220937
15833,2.385639936895641,3.614360063104359,47.71279873791282,72.28720126208718,-11.689453125,-7.835697007042024,-2.636833320493566,1.882528992702023,286.19230769230774,435.0778388278388,2.583486091674371,2.6235320093041214,0.09612303619644352
15866,2.391328480853038,3.6086715191469625,47.826569617060755,72.17343038293924,-11.689453125,-7.770352415018136,0.0,2.0376308709581705,285.82783882783883,433.8021978021977,2.5835776257256504,2.6229339658694806,0.1137708791479354
15900,2.3992908827553636,3.6007091172446364,47.98581765510727,72.01418234489273,-11.689453125,-7.69968313023744,0.0,2.1930593694256575,286.73901098901104,435.0778388278388,2.5835776257256504,2.6226390661469465,0.1592480380465148
15933,2.4095911389014337,3.5904088610985663,48.19182277802867,71.80817722197132,-11.689453125,-7.624038254544201,0.0,2.3480580378642606,288.1968864468865,434.5311355311355,2.583620710566205,2.6226390661469465,0.20600512292140552
15966,2.422216069149236,3.5777839308507646,48.44432138298472,71.55567861701529,-11.689453125,-7.545298696933894,0.0,2.3630392403164904,287.83241758241763,433.98443223443223,2.5835615221603003,2.622360683682756,0.25249860495604326
16000,2.4371874837711984,3.5628125162288016,48.74374967542397,71.25625032457603,-11.689453125,-7.466657197632057,0.0,2.3630392403164904,288.01465201465203,433.2554945054945,2.5841810528922267,2.62084978411042,0.2994282924392524
16033,2.4545506027334385,3.5454493972665615,49.09101205466877,70.90898794533123,-11.689453125,-7.387607986623916,0.0,2.3630392403164904,289.2902930402931,433.0732600732601,2.5841810528922267,2.6198586772987102,0.3472623792447957
16066,2.4743188223792645,3.525681177620736,49.486376447585286,70.51362355241471,-11.689453125,-7.309191106013243,0.0,2.3630392403164904,288.37912087912093,432.7087912087912,2.584631182439723,2.6198586772987102,0.3953643929165187
16100,2.496545232607324,3.503454767392676,49.93090465214648,70.06909534785352,-11.689453125,-7.230121546879848,0.0,2.3630392403164904,289.2902930402931,431.61538461538464,2.5848655507434004,2.61931250315298,0.44452820456119846
16133,2.5212473851156147,3.4787526148843853,50.424947702312295,69.5750522976877,-11.689453125,-7.151538161798905,0.0,2.3630392403164904,290.930402930403,430.8864468864469,2.5882568531917816,2.6182454543440112,0.49404305016581723
16166,2.534396612326554,3.465603387673446,50.687932246531076,69.31206775346892,-11.07421875,-7.072552138466654,18.406078807147416,2.3630392403164904,296.57967032967036,424.3260073260073,2.5882568531917816,2.615491615861306,0.26298454421878237
16200,2.5287447454169696,3.4712552545830304,50.57489490833939,69.42510509166061,-9.755859375,-6.994085284301922,39.70255936887487,2.3630392403164904,300.22435897435895,419.22344322344316,2.6013093529851474,2.621862970628807,-0.11303733819168543
16233,2.530636291599898,3.469363708400102,50.612725831997956,69.38727416800205,-9.140625,-6.915193390270083,18.428039888735114,2.3630392403164904,303.8690476190476,419.04120879120876,2.5959028362492753,2.621862970628807,0.03783092365856611
16266,2.543292250908073,3.456707749091927,50.865845018161465,69.13415498183853,-9.140625,-6.83644778727615,0.0,2.3630392403164904,304.78021978021974,416.12545787545787,2.601913149933396,2.6283612700834036,0.2531191861635138
16300,2.5555146620868694,3.4444853379131306,51.11029324173738,68.88970675826262,-9.052734375,-6.757762439413364,2.639487545929367,2.3630392403164904,305.69139194139194,416.12545787545787,2.601913149933396,2.6278585149362863,0.2444482235759115
16333,2.564607423795845,3.435392576204154,51.29214847591691,68.70785152408308,-8.7890625,-6.678802629278659,7.890938265047345,2.3630392403164904,307.14926739926733,415.2142857142857,2.606473241958373,2.6270438912900076,0.18185523417952923
16366,2.5731063989935548,3.426893601006446,51.46212797987109,68.53787202012892,-8.525390625,-6.600029236936257,7.909612226480863,2.3630392403164904,308.4249084249084,413.2097069597069,2.606230203967679,2.6270438912900076,0.1699795039541792
16400,2.5829561019876595,3.4170438980123405,51.659122039753186,68.34087796024681,-8.349609375,-6.521292034547174,5.275498479222992,2.3630392403164904,309.51831501831504,411.5695970695971,2.606986338358662,2.6276384147517655,0.19699405988209537
16433,2.590789216969672,3.409210783030328,51.815784339393446,68.18421566060655,-8.0859375,-6.442482672025751,7.906002120286892,2.3630392403164904,311.15842490842493,411.0228937728937,2.606986338358662,2.6271210926090807,0.15666229964025769
16466,2.5997920947106263,3.4002079052893737,51.99584189421253,68.00415810578747,-7.91015625,-6.364912765911685,5.276870895738218,2.2597386323513273,310.4294871794872,408.8360805860806,2.6078793211518514,2.6271457166349084,0.1800575548190877
16500,2.608552925923074,3.3914470740769262,52.171058518461486,67.82894148153852,-7.734375,-6.292065669531411,5.265393821292547,2.1044202432943866,312.9807692307692,409.20054945054943,2.6085077632834412,2.6271457166349084,0.17521662424895318
16533,2.614943589743675,3.3850564102563254,52.2988717948735,67.70112820512651,-7.470703125,-6.224749400988403,7.940259361093172,1.9499267093525179,314.0741758241758,407.92490842490844,2.6093770096114275,2.6280293688363043,0.12781327641201262
16566,2.622216196402767,3.3777838035972336,52.44432392805533,67.55567607194467,-7.294921875,-6.162260930401551,5.266781499667915,1.7946492431950378,313.89194139194143,405.73809523809524,2.6093770096114275,2.627429787047043,0.145452133181833
16600,2.628949933015851,3.3710500669841483,52.57899866031702,67.42100133968297,-7.119140625,-6.104887160337621,5.2602670536143,1.6391794775466166,315.7142857142857,405.73809523809524,2.6100764202667794,2.6274774504924,0.13467473226168708
16633,2.635031572068399,3.3649684279316006,52.70063144136798,67.29936855863201,-6.943359375,-6.0529970562898106,5.291030653006204,1.4846136585773255,316.9899267399268,404.64468864468864,2.611428138992191,2.6274774504924,0.12163278105096342
16666,2.6404024440963894,3.3595975559036106,52.80804888192779,67.19195111807221,-6.767578125,-6.005994436459368,5.261541155860061,1.3291815405252443,315.7142857142857,405.3736263736264,2.6118384540592516,2.628458243494031,0.10741744055980863
16700,2.6469552792306734,3.3530447207693266,52.93910558461347,67.06089441538653,-6.6796875,-5.964372982561625,2.643465720375003,1.1744958792416338,318.4478021978022,403.36904761904765,2.612411161701951,2.627794467132004,0.13105670268567962
16733,2.6513199440953787,3.348680055904621,53.026398881907575,66.97360111809242,-6.50390625,-5.927714181679863,5.258944007685204,1.0189870004860493,318.6300366300366,404.2802197802198,2.612411161701951,2.6279603876480593,0.0872932972941049
16766,2.656705560103798,3.3432944398962015,53.134111202075964,66.86588879792403,-6.416015625,-5.896423634115331,2.6450744876312835,0.8643954209487384,319.9056776556776,402.09340659340666,2.613641080170782,2.6279603876480593,0.1077123201683911
16800,2.6597357780126947,3.3402642219873053,53.1947155602539,66.8052844397461,-6.240234375,-5.870164243865284,5.266553482491732,0.7091112320019664,320.0879120879121,400.99999999999994,2.61398966706138,2.6295036937277096,0.060604358177934047
16833,2.6636281115299307,3.3363718884700693,53.27256223059861,66.72743776940139,-6.15234375,-5.849115805309921,2.637277272685075,0.5540625963230771,320.8168498168498,401.3644688644688,2.6146581426917987,2.629046576904331,0.07784667034471589
16866,2.6670001316315055,3.332999868368495,53.34000263263011,66.6599973673699,-6.064453125,-5.833225701908906,2.635521406134824,0.39891066240786266,319.9056776556776,400.0888278388278,2.6146581426917987,2.629301515049367,0.06744040203149805
16900,2.6697780600537704,3.33022193994623,53.3955612010754,66.6044387989246,-5.9765625,-5.822521095383484,2.6392262260737094,0.24397652337989473,321.72802197802196,399.3598901098901,2.6154097469499016,2.629301515049367,0.05555856844528942
16933,2.6718915209404197,3.3281084790595803,53.43783041880839,66.56216958119161,-5.888671875,-5.816974344563777,2.6377053044347587,0.0889530481079334,321.9102564102564,399.5421245421245,2.6153250044455327,2.6302273189477634,0.04226921773298792
16966,2.675490086583398,3.324509913416602,53.509801731667956,66.49019826833204,-5.888671875,-5.813889273699922,0.0,0.31271560433741036,321.9102564102564,399.17765567765565,2.6154670116192302,2.629763485498242,0.0719713128595688
17000,2.6776454140810713,3.3223545859189287,53.55290828162143,66.44709171837857,-5.80078125,-5.791374474502092,2.6416427719872164,1.0406951050230597,323.1858974358974,399.90659340659334,2.6154670116192302,2.629589271354112,0.04310654995346825
17033,2.681863221548787,3.318136778451213,53.63726443097574,66.36273556902425,-5.80078125,-5.744376526908545,0.0,1.7719177281260141,322.27472527472526,398.8131868131868,2.6159223182649116,2.629589271354112,0.08435614935431587
17066,2.685020591446996,3.314979408553003,53.70041182893993,66.29958817106007,-5.712890625,-5.6730958139071275,2.6347868714065212,2.5017914826261363,324.4615384615384,398.26648351648345,2.615514206026703,2.630275058537554,0.06314739796418731
17100,2.6886153462961464,3.3113846537038536,53.77230692592293,66.22769307407707,-5.625,-5.577695614778227,2.6403597796278397,3.230124720004932,324.09706959706955,398.26648351648345,2.6159335441401663,2.6297437567991997,0.07189509698300944
17133,2.692843371077101,3.3071566289228995,53.85686742154201,66.143132578458,-5.537109375,-5.458143991163477,2.642222181826367,3.9579445829098154,323.7326007326007,397.7197802197802,2.6159335441401663,2.6297076364476113,0.08456049561907876
17166,2.6979285160379596,3.3020714839620404,53.95857032075919,66.0414296792408,-5.44921875,-5.313430581182283,2.6261953490330097,4.690206098356181,323.36813186813185,396.6263736263736,2.616413445910517,2.6297076364476113,0.10170289921718123
17200,2.704052654667568,3.2959473453324324,54.081053093351365,65.91894690664864,-5.361328125,-5.145785545461304,2.649199686053185,5.416109017741663,322.82142857142856,396.0796703296703,2.6158568354327745,2.6301418552687763,0.12248277259216891
17233,2.7114704198791038,3.2885295801208967,54.22940839758207,65.77059160241794,-5.2734375,-4.952900726983645,2.6342472726274733,6.146132279461885,325.3727106227106,396.6263736263736,2.6164052401216344,2.6298984009343966,0.14835530423070395
17266,2.7183960403689524,3.2816039596310476,54.36792080737905,65.63207919262095,-5.09765625,-4.735749498880041,5.27057436625879,6.875867466750839,325.19047619047615,394.257326007326,2.6164052401216344,2.6300118539927118,0.13851240979697807
17300,2.726352736563569,3.2736472634364304,54.527054731271384,65.47294526872861,-4.921875,-4.494498564932172,5.275524761182097,7.604917892327916,326.83058608058604,393.89285714285717,2.6173747980409763,2.6305069550342326,0.15913392389233483
17333,2.7355842237401635,3.2644157762598365,54.71168447480326,65.28831552519674,-4.74609375,-4.227842643631611,5.254469600466712,8.336889692476992,327.7417582417582,393.52838827838826,2.617314445948299,2.6305069550342326,0.18462974353187606
17366,2.7462880031372383,3.253711996862762,54.925760062744764,65.07423993725524,-4.5703125,-3.937976218624832,5.276677327264116,9.065780874132093,328.47069597069594,391.88827838827837,2.6186800084489357,2.6315257472572404,0.21407558794149956
17400,2.756681474720744,3.243318525279256,55.13362949441488,64.86637050558512,-4.306640625,-3.6246660654277014,7.935391588563518,9.792800491757248,328.65293040293034,390.0659340659341,2.6186800084489357,2.6314647598565997,0.2078694316701178
17433,2.7678880573604596,3.2321119426395404,55.35776114720919,64.64223885279081,-4.04296875,-3.297349664532436,7.898883595603905,9.805610745001589,329.56410256410254,390.0659340659341,2.6195511719240683,2.6318418992627617,0.22413165279430344
17466,2.779893832708161,3.2201061672918394,55.59787665416322,64.40212334583678,-3.779296875,-2.9707825550733835,7.917097882078367,9.805610745001589,331.38644688644683,388.0613553113553,2.6194415677130274,2.6318418992627617,0.24011550695403153
17500,2.7927403364345684,3.2072596635654316,55.85480672869137,64.14519327130863,-3.515625,-2.6439200025745784,7.90994181159424,9.805610745001589,333.2087912087912,387.3324175824176,2.6203901603717186,2.6326586105280416,0.2569300745281522
17533,2.806467185243914,3.193532814756086,56.12934370487828,63.87065629512172,-3.251953125,-2.316261195244979,7.890719592511791,9.805610745001589,336.12454212454213,385.32783882783883,2.6203901603717186,2.632431369158591,0.27453697618690603
17566,2.8190521166296674,3.1809478833703326,56.381042332593346,63.618957667406654,-2.900390625,-1.9897285819431978,10.55724569953949,9.805610745001589,336.8534798534798,383.8699633699634,2.621443938543268,2.632597729040428,0.25169862771506296
17600,2.8318113289265354,3.1681886710734646,56.6362265785307,63.3637734214693,-2.548828125,-1.6634594453893077,10.565771142040669,9.805610745001589,338.4935897435897,382.41208791208794,2.6214193946372064,2.632597729040428,0.25518424593735645
17633,2.846759634748103,3.153240365251897,56.93519269496206,63.06480730503794,-2.28515625,-1.3369733204468013,7.919061709314644,9.805610745001589,339.5869963369963,379.49633699633705,2.6224410012141712,2.633678653128206,0.29896611643136173
17666,2.8646478163937235,3.1353521836062765,57.29295632787447,62.70704367212553,-2.109375,-1.0086212270440515,5.24937269596033,9.805610745001589,340.4981684981685,378.22069597069594,2.623374746553388,2.633553332406116,0.3577636329124081
17700,2.880111327476605,3.119888672523395,57.6022265495321,62.3977734504679,-1.7578125,-0.6832954294605778,10.596408440849535,9.805610745001589,341.40934065934067,374.75824175824175,2.623374746553388,2.633769087326141,0.30927022165762397
17733,2.8978852717960626,3.1021147282039374,57.95770543592125,62.04229456407875,-1.494140625,-0.3555365754946984,7.888310992580737,9.805610745001589,346.32967032967025,375.6694139194139,2.6236778657987894,2.633769087326141,0.35547888638915004
17766,2.9126111378362736,3.0873888621637264,58.25222275672547,61.74777724327453,-1.0546875,-0.028118917572786062,13.160885432306857,9.805610745001589,349.06318681318675,372.93589743589746,2.6254978297304197,2.6351559889806553,0.29451732080422266
17800,2.926822363282477,3.073177636717523,58.53644726564954,61.46355273435046,-0.615234375,0.29738429292695434,13.238291191686915,9.805610745001589,351.4322344322344,371.8424908424908,2.626971762551032,2.6355866094082785,0.28422450892406753
17833,2.940581645819642,3.059418354180358,58.81163291639284,61.18836708360716,-0.17578125,0.6253352682301991,13.139483059747127,9.805610745001589,352.525641025641,368.7445054945055,2.626971762551032,2.635969439390223,0.27518565074329937
17866,2.9555567411400308,3.0444432588599692,59.111134822800615,60.888865177199385,0.17578125,0.9489050035991644,10.537813744664449,9.410634676452021,354.8946886446886,366.5576923076923,2.626469406011414,2.635969439390223,0.2995019064077777
17900,2.9700652093722617,3.0299347906277383,59.401304187445234,60.598695812554766,0.52734375,1.2495328891257145,10.579932422769579,8.683574536823004,355.07692307692304,365.2820512820513,2.6270407048171336,2.6366131602047758,0.29016936464461857
17933,2.9839526389992335,3.0160473610007665,59.67905277998467,60.32094722001533,0.87890625,1.5273450540905533,10.526413966751802,7.952817873740896,357.99267399267404,363.8241758241759,2.6270438912900076,2.6359165951573003,0.27774859253943557
17966,2.9969631692422074,3.0030368307577926,59.939263384844146,60.060736615155854,1.23046875,1.7805773084591054,10.534013075742529,7.222588369633107,359.08608058608064,362.7307692307692,2.6270438912900076,2.6359480394680745,0.2602106048594723
18000,3.008846441870424,2.991153558129576,60.176928837408475,59.823071162591525,1.58203125,2.0087964956210094,10.565330095277178,6.494523361233326,360.90842490842493,360.5439560439561,2.627226254101887,2.6359480394680745,0.23766545256432736
18033,3.0214096452414902,2.9785903547585098,60.42819290482981,59.57180709517019,1.845703125,2.2134537261032885,7.896645248063515,5.76393648830294,362.7307692307692,359.08608058608064,2.6272392910904805,2.6367353496309778,0.25126406742133345
18066,3.0330772883737933,2.9669227116262067,60.661545767475864,59.338454232524136,2.109375,2.392938298527824,7.9333621275129556,5.036730889252349,362.7307692307692,357.81043956043965,2.6282758973375184,2.636033931888143,0.23335286264605468
18100,3.0416561735092116,2.9583438264907884,60.833123470184226,59.166876529815774,2.4609375,2.5490240840501226,10.521192768637405,4.3056115842725715,364.18864468864473,356.17032967032975,2.6282758973375184,2.635872050013508,0.1715777027083592
18133,3.05016722447768,2.94983277552232,61.003344489553605,58.996655510446395,2.724609375,2.6804428470221207,7.90657275396641,3.575942037435207,366.9221611721612,355.2591575091576,2.6287507907188057,2.635872050013508,0.17022101936938094
18166,3.0590590657452714,2.9409409342547286,61.18118131490543,58.81881868509457,2.900390625,2.7872141484704493,5.288542741908698,2.8486862015687646,366.5576923076923,352.525641025641,2.628284014091976,2.6367139403811923,0.17783682535182554
18200,3.066818693241008,2.933181306758992,61.33637386482016,58.66362613517984,3.076171875,2.8702251114938426,5.25776992398358,2.1171738630889214,368.01556776556777,352.34340659340654,2.6287951554643283,2.635753268483646,0.15519254991472753
18233,3.073188981935135,2.926811018064865,61.463779638702704,58.536220361297296,3.251953125,2.928607035960552,5.277416672212399,1.3883847961703442,368.7445054945055,351.6144688644688,2.6287951554643283,2.635802759811981,0.12740577388254526
18266,3.0779412963617774,2.9220587036382226,61.558825927235546,58.441174072764454,3.427734375,2.9627395397466643,5.271358950289058,0.6587582219695278,369.65567765567766,351.79670329670324,2.629464242398371,2.635802759811981,0.09504628853284383
18300,3.0808513871880505,2.9191486128119495,61.617027743761014,58.382972256238986,3.603515625,2.972657209035976,5.285091655444025,0.0005535287892583274,371.29578754578756,350.52106227106225,2.628491148994816,2.6363028459814357,0.0582018165254655
18333,3.084131076569344,2.915868923430656,61.682621531386886,58.317378468613114,3.69140625,2.972773260483117,2.6361375871781614,0.006408023295638993,367.83333333333337,350.52106227106225,2.628604511001667,2.6357863110687934,0.0655937876258716
18366,3.0864204449835637,2.9135795550164363,61.72840889967127,58.27159110032873,3.779296875,2.973084336507887,2.6372230660887848,0.01226010809675022,369.4734432234432,349.6098901098901,2.628604511001667,2.6357813619195603,0.04578736828438977
18400,3.0896999143502524,2.9103000856497476,61.79399828700505,58.20600171299495,3.779296875,2.9735896821560033,0.0,0.018104798369219934,370.56684981684987,349.06318681318675,2.6292735251475055,2.6359941879244655,0.06558938733377861
18433,3.092651143662321,2.907348856337679,61.853022873246424,58.146977126753576,3.779296875,2.9742931911288015,0.0,0.02397604263874323,372.2069597069597,349.7921245421245,2.6285518880839436,2.6359941879244655,0.059024586241373966
18466,3.093261902702774,2.906738097297226,61.86523805405548,58.13476194594452,3.8671875,2.975188994180162,2.63924532579789,0.029823643417398547,371.29578754578756,348.33424908424905,2.628778772273917,2.6355832618333426,0.01221518080905884
18500,3.0928168653174226,2.9071831346825774,61.85633730634845,58.14366269365155,3.955078125,2.9762791745968924,2.640036668950611,0.035669491395083144,372.57142857142856,349.6098901098901,2.628778772273917,2.635720372077783,-0.00890074770702923
18533,3.093296825666427,2.906703174333573,61.86593651332854,58.13406348667146,3.955078125,2.977566764394029,0.0,0.04152714979233165,372.753663003663,348.51648351648345,2.6293261697373014,2.6358671006227885,0.009599206980089684
18566,3.0933840751685735,2.9066159248314265,61.867681503371465,58.132318496628535,3.955078125,2.979048846361883,0.0,0.04738142954508807,370.93131868131866,348.33424908424905,2.628563485285428,2.6358671006227885,0.0017449900429207022
18600,3.093081845985216,2.906918154014784,61.86163691970431,58.13836308029569,3.955078125,2.9807212296518215,0.0,0.05321961960049589,371.478021978022,348.69871794871796,2.6287097615779613,2.6362218907938084,-0.0060445836671511755
18633,3.092390101299654,2.907609898700346,61.847802025993076,58.152197974006924,3.955078125,2.9825992713769134,0.0,0.05909214501920104,372.38919413919416,348.88095238095235,2.6287097615779613,2.635817753048317,-0.013834893711230513
18666,3.0913128325743546,2.9086871674256454,61.8262566514871,58.1737433485129,3.955078125,2.9846644063810346,0.0,0.06493951804945788,370.93131868131866,348.51648351648345,2.6292735251475055,2.6359413429473304,-0.021545374505975875
18700,3.0898520389189565,2.9101479610810435,61.797040778379134,58.202959221620866,3.955078125,2.9869267438762295,0.0,0.0707930532742207,371.1135531135531,348.51648351648345,2.62886416952306,2.6359413429473304,-0.029215873107966153
18733,3.088009395874981,2.911990604125019,61.760187917499614,58.239812082500386,3.955078125,2.989389680887543,0.0,0.07665912061848788,372.2069597069597,350.52106227106225,2.6284056249684915,2.6367353496309778,-0.036852860879523046
18766,3.0857884169259227,2.9142115830740773,61.71576833851846,58.28423166148154,3.955078125,2.992041764902203,0.0,0.08251067880672507,370.56684981684987,349.6098901098901,2.6284056249684915,2.635997536282337,-0.04441957898115303
18800,3.0831931011203375,2.9168068988796625,61.663862022406754,58.336137977593246,3.955078125,2.994878206082283,0.0,0.08834109048107151,371.29578754578756,349.6098901098901,2.6289743656708895,2.6358918477157878,-0.05190631611170381
18833,3.0802231063356205,2.9197768936643795,61.604462126712406,58.395537873287594,3.955078125,2.997903515896162,0.0,0.09164728887954944,371.1135531135531,349.6098901098901,2.6283332951940492,2.6358918477157878,-0.05939989569434638
18866,3.076876989227627,2.923123010772373,61.53753978455254,58.46246021544746,3.955078125,3.000970570135302,0.0,0.09164728887954944,371.478021978022,349.6098901098901,2.6279521274777737,2.636666025386045,-0.06692234215986348
18900,3.0731578219186866,2.9268421780813134,61.46315643837374,58.53684356162626,3.955078125,3.0040229353303314,0.0,0.09164728887954944,372.57142857142856,351.06776556776555,2.6282150228775625,2.636116334324842,-0.07438334617880772
18933,3.0690667503179103,2.9309332496820897,61.38133500635821,58.61866499364179,3.955078125,3.0070763290829667,0.0,0.09164728887954944,372.2069597069597,350.15659340659334,2.6282150228775625,2.636108035671271,-0.08182143201552479
18966,3.064606115062783,2.935393884937217,61.29212230125566,58.70787769874434,3.955078125,3.0101208856541435,0.0,0.09164728887954944,371.6602564102564,349.2454212454212,2.627875034433079,2.636108035671271,-0.08921270510255273
19000,3.059775983714864,2.940224016285136,61.19551967429728,58.80448032570272,3.955078125,3.013175369001585,0.0,0.09164728887954944,371.29578754578756,349.9743589743589,2.6274660053522427,2.6368938153149695,-0.09660262695838165
19033,3.0545760372726054,2.9454239627273946,61.091520745452115,58.908479254547885,3.955078125,3.016243100330902,0.0,0.09164728887954944,372.57142857142856,351.06776556776555,2.6275875594585427,2.6362218907938084,-0.10399892884516228
19066,3.0490090018603273,2.9509909981396727,60.98018003720655,59.01981996279345,3.955078125,3.0192987818747468,0.0,0.09164728887954944,369.65567765567766,350.15659340659334,2.6275875594585427,2.6361196829154494,-0.11134070824556613
19100,3.043077828105205,2.956922171894795,60.8615565621041,59.1384434378959,3.955078125,3.0223404057326864,0.0,0.09164728887954944,370.93131868131866,350.15659340659334,2.627429787047043,2.6361196829154494,-0.11862347510244968
19133,3.0367810483101705,2.9632189516898295,60.735620966203406,59.264379033796594,3.955078125,3.0254049888859775,0.0,0.09164728887954944,370.93131868131866,350.88553113553104,2.627153973003421,2.636987911074035,-0.12593559590069411
19166,3.030122221222301,2.969877778777699,60.60244442444601,59.39755557555399,3.955078125,3.028450344804773,0.0,0.09164728887954944,371.29578754578756,350.70329670329664,2.6271096497972537,2.636319299560057,-0.13317654175739002
19200,3.023100462973172,2.976899537026828,60.46200925946344,59.53799074053656,3.955078125,3.031513902883268,0.0,0.09164728887954944,370.74908424908426,350.52106227106225,2.6271096497972537,2.6363028459814357,-0.140435164982569
19233,3.01571864442753,2.98428135557247,60.3143728885506,59.6856271114494,3.955078125,3.034563937854551,0.0,0.09164728887954944,369.2912087912088,353.07234432234424,2.6267976809244518,2.6363028459814357,-0.14763637091284357
19266,3.0200399330511787,2.9799600669488213,60.40079866102358,59.59920133897642,3.427734375,3.0376274076765144,-15.77610611619909,0.09164728887954944,365.82875457875457,354.5302197802197,2.621658351439087,2.642838275761126,0.08642577247298164
19300,3.0304588119424354,2.9695411880575646,60.609176238848704,59.390823761151296,2.8125,3.040673995793289,-18.507445159323364,0.09164728887954944,363.2774725274726,356.35256410256414,2.6261739098639074,2.642744012833162,0.20837757782512645
19333,3.033757827849903,2.966242172150097,60.675156556998054,59.324843443001946,2.724609375,3.043727742479361,-2.6377228785602123,0.09164728887954944,363.64194139194143,358.17490842490844,2.6261739098639074,2.6410332502579843,0.06598031814934942
19366,3.0358929723697337,2.9641070276302663,60.71785944739467,59.28214055260533,2.724609375,3.0467345720291794,0.0,0.08707008851330203,362.91300366300374,356.717032967033,2.626699206469719,2.6410332502579843,0.04270289039661936
19400,3.0381815231786486,2.9618184768213514,60.76363046357297,59.23636953642703,2.724609375,3.0495377633242695,0.0,0.0812203254443336,364.0064102564103,356.717032967033,2.6259638642920837,2.641637494820041,0.04577101617829767
19433,3.0406233070493336,2.9593766929506664,60.812466140986665,59.187533859013335,2.724609375,3.0521493877089014,0.0,0.0753628491400161,364.3708791208792,358.17490842490844,2.62620677247774,2.6412652568153003,0.048835677413694066
19466,3.0432176969225644,2.9567823030774356,60.86435393845129,59.13564606154871,2.724609375,3.054563057590603,0.0,0.06951184706448969,363.8241758241759,357.44597069597074,2.62620677247774,2.64121692567873,0.05188779746462507
19500,3.0459639092065105,2.9540360907934895,60.919278184130214,59.080721815869786,2.724609375,3.0567783459921607,0.0,0.06367028170048158,363.2774725274726,358.9038461538462,2.626720493860634,2.641294752601837,0.05492424567892726
19533,3.0488618996015084,2.9511381003984916,60.97723799203016,59.02276200796984,2.724609375,3.0588065856203577,0.0,0.05780659772250362,364.18864468864473,357.2637362637363,2.6260853141720535,2.641294752601837,0.05795980789995013
19566,3.051910334458569,2.948089665541431,61.03820668917139,58.96179331082861,2.724609375,3.0606317839409125,0.0,0.05196736708413487,364.5531135531136,357.81043956043965,2.6261935984042863,2.6412652568153003,0.060968697141224944
19600,3.0551091939968034,2.9448908060031966,61.10218387993607,58.89781612006393,2.724609375,3.0622705827850374,0.0,0.04609852268724092,363.09523809523813,356.8992673992675,2.6261935984042863,2.641269929382213,0.06397719076468082
19633,3.058456512682811,2.941543487317189,61.16913025365621,58.83086974634379,2.724609375,3.0637033505994506,0.0,0.04027278046545083,363.459706959707,358.9038461538462,2.62661869323626,2.6413029297390445,0.06694637372014012
19666,3.061952166861238,2.938047833138762,61.23904333722476,58.76095666277524,2.724609375,3.0649491357749894,0.0,0.03441492048374879,362.91300366300374,356.5347985347986,2.6260442026615243,2.6413029297390445,0.06991308356854141
19700,3.0655954481495082,2.9344045518504918,61.31190896299016,58.68809103700984,2.724609375,3.0660015725012193,0.0,0.028544336280019535,364.3708791208792,359.2683150183151,2.6260638897432895,2.6416126667685704,0.07286562576540308
19733,3.069384427596383,2.930615572403617,61.38768855192765,58.61231144807235,2.724609375,3.066853511593625,0.0,0.022706490919590042,365.2820512820513,357.44597069597074,2.6260638897432895,2.641387623750642,0.07577958893749606
19766,3.0733187722490767,2.9266812277509233,61.46637544498153,58.53362455501847,2.724609375,3.0675146702631597,0.0,0.016834219061241235,363.459706959707,356.35256410256414,2.626502129376941,2.641269929382213,0.07868689305387926
19800,3.0773967907215276,2.9226032092784724,61.547935814430545,58.452064185569455,2.724609375,3.0679783934904266,0.0,0.010978840077198673,364.18864468864473,354.71245421245413,2.6261821616516734,2.641269929382213,0.08156036944901868
19833,3.0755738770153216,2.9244261229846784,61.51147754030643,58.48852245969357,2.98828125,3.068246770553046,7.911585635962492,0.005126693466266902,367.1043956043956,352.89010989010984,2.626715570223404,2.637969224964404,-0.03645827412411751
19866,3.06765967006959,2.93234032993041,61.3531934013918,58.6468065986082,3.427734375,3.0683311958654973,13.204171791524809,0.004692754665378385,367.6510989010989,351.4322344322344,2.626715570223404,2.6368244848204863,-0.15828413891463256
19900,3.0642112584761905,2.9357887415238095,61.284225169523815,58.715774830476185,3.515625,3.069128462605845,2.631759672820238,0.043053280949388546,368.7445054945055,351.06776556776555,2.6265038669178726,2.636832786857438,-0.0689682318679812
19933,3.061928323354658,2.938071676645342,61.238566467093165,58.761433532906835,3.515625,3.0712002217653946,0.0,0.08132061830003824,369.10897435897436,351.9789377289377,2.6271900407538338,2.636832786857438,-0.04565870243065102
19966,3.0595058669194692,2.9404941330805308,61.19011733838938,58.80988266161062,3.515625,3.0745490504419557,0.0,0.11960901387749255,368.56227106227107,351.24999999999994,2.6272508796062515,2.637688252430072,-0.04844912870378449
20000,3.056955805346703,2.943044194653297,61.139116106934054,58.860883893065946,3.515625,3.079156041109769,0.0,0.15776554886988906,369.2912087912088,351.24999999999994,2.6278717015396045,2.636910274426408,-0.05100123145532202
20033,3.054289651277659,2.945710348722341,61.08579302555319,58.91420697444681,3.515625,3.0850565936320584,0.0,0.19607479132035374,369.10897435897436,351.9789377289377,2.6278717015396045,2.6369268793498555,-0.05332308138086753
20066,3.0515201512028316,2.9484798487971684,61.03040302405663,58.96959697594337,3.515625,3.092220785991382,0.0,0.2343152628658279,368.92673992673997,351.79670329670324,2.6275710426723835,2.6369268793498555,-0.05539000149655167
20100,3.0486602759462174,2.9513397240537826,60.97320551892435,59.02679448107565,3.515625,3.1006678886642365,0.0,0.27259712835987615,368.56227106227107,351.9789377289377,2.62742167424934,2.637830481878268,-0.05719750513228087
20133,3.0457235812490406,2.9542764187509594,60.914471624980806,59.085528375019194,3.515625,3.11040058369191,0.0,0.3109150063708432,369.4734432234432,353.07234432234424,2.62734445968052,2.636958341740202,-0.05873389394354898
20166,3.042724279809992,2.957275720190008,60.85448559619983,59.14551440380017,3.515625,3.121403958827153,0.0,0.3492079965511216,368.38003663003667,351.79670329670324,2.62734445968052,2.6369385320213654,-0.05998602878097622
20200,3.039676964155014,2.960323035844986,60.79353928310028,59.20646071689972,3.515625,3.133717881435924,0.0,0.3876016419011404,369.65567765567766,353.07234432234424,2.627319832860442,2.6369385320213654,-0.060946313099552646
20233,3.036597038749398,2.963402961250602,60.73194077498796,59.26805922501204,3.515625,3.147251311682044,0.0,0.4258232250248809,369.2912087912088,351.9789377289377,2.6271079116551617,2.6378105165997843,-0.06159850811231597
20266,3.033500199419676,2.966499800580324,60.670003988393525,59.329996011606475,3.515625,3.1620592616837513,0.0,0.4640514657262793,367.6510989010989,351.4322344322344,2.627275505456847,2.6370043710664803,-0.061936786594438444
20300,3.030402692996487,2.969597307003513,60.60805385992973,59.39194614007027,3.515625,3.1781624789866907,0.0,0.5023322882454739,368.38003663003667,351.9789377289377,2.627275505456847,2.636921926987852,-0.0619501284637907
20333,3.0273213483336154,2.9726786516663846,60.546426966672314,59.453573033327686,3.515625,3.195554597765858,0.0,0.5406409988681471,367.83333333333337,352.89010989010984,2.627530041148324,2.636921926987852,-0.061626893257416535
20366,3.0242736475751104,2.9757263524248896,60.48547295150221,59.51452704849779,3.515625,3.2142729116301814,0.0,0.5790460457353267,368.38003663003667,352.525641025641,2.6271210926090807,2.6377905515479707,-0.060954015170102085
20399,3.0212771357377513,2.9787228642622487,60.425542714755025,59.574457285244975,3.515625,3.23413388327407,0.0,0.6171879675881567,367.6510989010989,352.1611721611721,2.6271819290665124,2.6370160242516545,-0.05993023674718537
20433,3.0183470459534703,2.9816529540465297,60.36694091906941,59.63305908093059,3.515625,3.255403425579539,0.0,0.6486312510290314,368.38003663003667,353.9835164835164,2.6271819290665124,2.6373098557096055,-0.058601795685615424
20466,3.017493690018187,2.982506309981813,60.349873800363746,59.650126199636254,3.427734375,3.277027455957331,-2.636354326713383,0.6486312510290314,365.0998168498169,355.441391941392,2.6268699473192756,2.6373098557096055,-0.017067118705660245
20500,3.02551493642771,2.97448506357229,60.5102987285542,59.4897012714458,2.98828125,3.298601842043561,-13.212103885509377,0.6486312510290314,364.3708791208792,355.9880952380953,2.624046681122259,2.642172405250859,0.1604249281904522
20533,3.03125544718557,2.96874455281443,60.6251089437114,59.3748910562886,2.8125,3.3202562374463067,-5.2653149614369905,0.6486312510290314,364.735347985348,357.99267399267404,2.6254092682480823,2.641309938744015,0.11481021515720863
20566,3.034745513058401,2.965254486941599,60.69491026116802,59.30508973883198,2.8125,3.341848628887862,0.0,0.6486312510290314,363.09523809523813,356.5347985347986,2.6254092682480823,2.641298257084562,0.06980131745661845
20600,3.038627679203776,2.961372320796224,60.77255358407552,59.22744641592448,2.8125,3.363489727996739,0.0,0.6486312510290314,363.64194139194143,357.81043956043965,2.6260278451810963,2.6413464444293013,0.07764332290750146
20633,3.0429107741897146,2.9570892258102854,60.85821548379428,59.14178451620572,2.8125,3.3851204366820564,0.0,0.6486312510290314,364.735347985348,357.6282051282052,2.6253354704356986,2.6413464444293013,0.08566189971876553
20666,3.047604193605664,2.952395806394336,60.95208387211328,59.04791612788672,2.8125,3.406770700302004,0.0,0.6486312510290314,362.7307692307692,357.6282051282052,2.6255143269722288,2.6412156115575907,0.09386838831899828
20700,3.0527154334276396,2.9472845665723604,61.054308668552785,58.945691331447215,2.8125,3.428343272167819,0.0,0.6486312510290314,363.64194139194143,357.99267399267404,2.6255143269722288,2.6411757503490927,0.1022247964395079
20733,3.0582537605334736,2.9417462394665264,61.16507521066948,58.83492478933052,2.8125,3.449930619205273,0.0,0.6486312510290314,363.64194139194143,359.9972527472528,2.6262345686502457,2.6413464444293013,0.11076654211669572
20766,3.0642287885894377,2.9357712114105623,61.28457577178875,58.71542422821125,2.8125,3.4715486672568847,0.0,0.6486312510290314,363.459706959707,356.8992673992675,2.625404348297116,2.6413464444293013,0.1195005611192775
20800,3.070651660770746,2.929348339229254,61.41303321541492,58.58696678458508,2.8125,3.4932682987441845,0.0,0.6486312510290314,363.8241758241759,357.44597069597074,2.625401164806802,2.6416291700814245,0.12845744362616793
20833,3.0775287198202075,2.9224712801797925,61.55057439640415,58.44942560359585,2.8125,3.5148598249143124,0.0,0.6486312510290314,364.18864468864473,358.35714285714295,2.625401164806802,2.641220430006563,0.13754118098923349
20866,3.0848681118059926,2.9151318881940074,61.69736223611985,58.30263776388015,2.8125,3.5364130228114083,0.0,0.6486312510290314,363.459706959707,356.8992673992675,2.6260245158011455,2.6412652568153003,0.14678783971569814
20900,3.092679987575176,2.907320012424824,61.85359975150352,58.14640024849648,2.8125,3.5580200084586933,0.0,0.6486312510290314,363.09523809523813,356.717032967033,2.625442116510406,2.6412652568153003,0.15623751538367328
20933,3.100974772466252,2.899025227533748,62.01949544932504,57.98050455067496,2.8125,3.5796899106861106,0.0,0.6486312510290314,366.5576923076923,353.25457875457874,2.626287121994772,2.6412452525283814,0.16589569782151561
20966,3.097695706213551,2.902304293786449,61.95391412427102,58.04608587572898,3.33984375,3.6013646186238533,15.781141654472657,0.6486312510290314,368.38003663003667,349.7921245421245,2.626287121994772,2.634557312397463,-0.06558132505401625
21000,3.0904793827212234,2.9095206172787766,61.80958765442446,58.19041234557554,3.8671875,3.622899777066803,15.856202221236515,0.6394185367958146,370.20238095238096,348.69871794871796,2.6272869493523117,2.635533776686977,-0.1443264698465596
21033,3.091234019001845,2.908765980998155,61.8246803800369,58.1753196199631,3.8671875,3.643621391230717,0.0,0.6010426312157786,373.11813186813185,349.06318681318675,2.6262182093911193,2.635533776686977,0.015092725612443396
21066,3.0920299013474937,2.9079700986525063,61.84059802694987,58.15940197305013,3.8671875,3.663012189081246,0.0,0.5627661253318524,372.2069597069597,347.78754578754575,2.6279193770104876,2.6364991341114408,0.015917646912964167
21100,3.092864956905036,2.907135043094964,61.85729913810072,58.14270086189928,3.8671875,3.681105546573008,0.0,0.5245376939490316,373.11813186813185,349.9743589743589,2.62872614412324,2.635758071992668,0.016701111150851138
21133,3.0937367303948724,2.9062632696051276,61.87473460789745,58.12526539210255,3.8671875,3.6979639618390387,0.0,0.486221049590162,372.93589743589746,349.9743589743589,2.62872614412324,2.635802759811981,0.01743546979672731
21166,3.094642018690464,2.905357981309536,61.89284037380928,58.10715962619072,3.8671875,3.7134958570095526,0.0,0.4480283964039496,372.38919413919416,348.51648351648345,2.62854377008857,2.635802759811981,0.01810576591182843
21200,3.0955773802584083,2.9044226197415917,61.91154760516816,58.08845239483184,3.8671875,3.7278264099876766,0.0,0.4096435347894142,373.11813186813185,348.69871794871796,2.6283612700834036,2.636632966257236,0.018707231358883504
21233,3.0965385687737377,2.9034614312262623,61.930771375474755,58.069228624525245,3.8671875,3.740838246309387,0.0,0.371370029178278,372.57142857142856,349.4276556776556,2.628523910151286,2.6359001453485167,0.019223770306597672
21266,3.0975209467530216,2.9024790532469784,61.95041893506043,58.04958106493957,3.8671875,3.752595333566934,0.0,0.3330256896873177,372.38919413919416,349.2454212454212,2.628523910151286,2.635782817550241,0.019647559585681422
21300,3.0985192407821818,2.9014807592178182,61.97038481564364,58.02961518435636,3.8671875,3.763043316266299,0.0,0.2947947266806851,372.753663003663,349.4276556776556,2.6283579362648584,2.635782817550241,0.01996588058320482
21333,3.0995277523102716,2.9004722476897284,61.99055504620543,58.00944495379457,3.8671875,3.7722449841987844,0.0,0.25644670805914505,372.57142857142856,349.4276556776556,2.6281953116009613,2.636705784545101,0.0201702305617875
21366,3.100540173197956,2.899459826802044,62.01080346395912,57.98919653604088,3.8671875,3.7801263454438,0.0,0.2183095083117483,372.2069597069597,348.1520146520146,2.6283005376011577,2.6358637525134427,0.020248417753691527
21400,3.101549735324024,2.898450264675976,62.03099470648048,57.96900529351952,3.8671875,3.7867612314868686,0.0,0.18004638191529107,373.11813186813185,347.78754578754575,2.6283005376011577,2.63561950330993,0.020191242521355925
21433,3.102549057197572,2.897450942802428,62.05098114395144,57.94901885604856,3.8671875,3.792141110172238,0.0,0.14162446710730642,372.57142857142856,348.51648351648345,2.6285798664632978,2.63561950330993,0.019986437470964506
21466,3.1035302984962616,2.8964697015037384,62.07060596992523,57.92939403007477,3.8671875,3.796221896783765,0.0,0.10335708725439405,371.8424908424908,346.69413919413915,2.6281706728170398,2.6364381193551125,0.019624825973791508
21500,3.1044851379393963,2.8955148620606037,62.08970275878793,57.91029724121207,3.8671875,3.7990226664476023,0.0,0.06518030153639588,372.38919413919416,347.24084249084245,2.628400696592482,2.635589956989592,0.01909678886269844
21533,3.103395724272638,2.896604275727362,62.06791448545276,57.93208551454724,3.955078125,3.800561038193657,2.6254529838046343,0.026727628140538535,373.66483516483515,348.33424908424905,2.628400696592482,2.635802759811981,-0.021788273335169906
21566,3.1037042227014546,2.8962957772985454,62.0740844540291,57.9259155459709,3.955078125,3.8023624704309866,0.0,0.29720760604801516,371.6602564102564,346.51190476190476,2.6290828286452093,2.635802759811981,0.006169968576334141
21600,3.1046498275449643,2.8953501724550357,62.09299655089929,57.90700344910071,3.955078125,3.8286280359170246,0.0,1.282556540244813,372.0247252747253,346.51190476190476,2.6282183564242043,2.6360551872705793,0.018912096870191825
21633,3.104491769225723,2.895508230774277,62.08983538451446,57.91016461548554,4.04296875,3.8878595052656015,2.6361200344582936,2.2705246449256222,375.6694139194139,347.78754578754575,2.6285108635996552,2.635631147316494,-0.0031611663848271298
21666,3.1068099807898495,2.8931900192101505,62.13619961579699,57.86380038420301,4.04296875,3.979962963879389,0.0,3.257876486373683,372.2069597069597,347.24084249084245,2.6285108635996552,2.6355783132559893,0.046364231282532864
21700,3.1105849935520133,2.8894150064479867,62.21169987104026,57.78830012895974,4.04296875,4.104946777860978,0.0,4.245100494054569,372.57142857142856,347.24084249084245,2.6292735251475055,2.6356394437182473,0.07550025524327013
21733,3.1161313666672883,2.8838686333327117,62.32262733334577,57.67737266665423,4.04296875,4.263010287233074,0.0,5.233397843427764,374.21153846153845,348.33424908424905,2.628535507167614,2.6356394437182473,0.11092746230550868
21766,3.1217622778972567,2.8782377221027433,62.43524555794514,57.56475444205486,4.130859375,4.454022134264387,2.635411638519095,6.221631512919468,374.029304029304,346.14743589743586,2.6290745631823005,2.635505687209283,0.11261822459936292
21800,3.1290919379182593,2.8709080620817407,62.58183875836519,57.41816124163481,4.21875,4.677536082518251,2.6404126873706235,7.207993427711049,375.6694139194139,347.058608058608,2.6290745631823005,2.635428116010121,0.14659320042005264
21833,3.136432978992093,2.863567021007907,62.72865957984186,57.27134042015814,4.39453125,4.934365225156327,5.271502173598329,8.196099826376196,376.0338827838828,345.60073260073256,2.6299065252060476,2.6354892412468374,0.14682082147667208
21866,3.1454022679075226,2.8545977320924774,62.90804535815045,57.09195464184955,4.5703125,5.2244950707893345,5.265455175136575,9.185340994529268,376.94505494505495,343.23168498168496,2.629127201796609,2.6354892412468374,0.17938577830859465
21900,3.1542837798177334,2.8457162201822666,63.08567559635467,56.91432440364533,4.833984375,5.547194429857097,7.908781862079881,10.173256412948692,377.49175824175825,343.5961538461538,2.629066442765471,2.6360387361644264,0.17763023820421292
21933,3.166711207463604,2.833288792536396,63.334224149272075,56.665775850727925,5.009765625,5.903566102293405,5.262112906766144,11.16312590465271,379.6785714285715,342.5027472527472,2.629066442765471,2.635386930442648,0.24854855291740843
21966,3.1796421732629545,2.8203578267370455,63.59284346525909,56.40715653474091,5.2734375,6.290757548386887,7.937107890387366,12.14751564085967,380.4075091575092,340.315934065934,2.6297190962375967,2.635297868135199,0.258619315987015
22000,3.1947476575172082,2.8052523424827918,63.894953150344165,56.105046849655835,5.537109375,6.7118646567207625,7.915082043185644,13.134644706589478,380.9542124542125,338.6758241758242,2.6285272442856202,2.635297868135199,0.3021096850850775
22033,3.2103417261361846,2.7896582738638154,64.2068345227237,55.793165477276304,5.888671875,7.16652039114209,10.538550703951202,14.123168683867835,383.68772893772893,338.8580586080586,2.627996616925099,2.6358473031993137,0.3118813723795278
22066,3.226040194608619,2.773959805391381,64.52080389217238,55.47919610782762,6.328125,7.6547241349944395,13.158280245453545,15.11281264401025,384.7811355311356,335.57783882783883,2.627996616925099,2.634976146336198,0.3139693694486813
22100,3.245395621126452,2.754604378873548,64.90791242252904,55.09208757747096,6.6796875,8.173405857244248,10.577250324235456,16.09771984931197,387.3324175824176,333.0265567765568,2.6281903838164586,2.63431324475684,0.387108530356656
22133,3.2649707585280554,2.7350292414719446,65.2994151705611,54.700584829438895,7.119140625,8.715427083170926,13.178184764106968,16.26876983120586,389.5192307692308,331.7509157509157,2.626640124454844,2.63431324475684,0.3915027480320683
22166,3.286027675102977,2.713972324897023,65.72055350205953,54.27944649794046,7.55859375,9.257963681017301,13.1776580061306,16.26876983120586,390.9771062271062,328.65293040293034,2.6266433101989177,2.632724434655528,0.42113833149843055
22200,3.310659837436755,2.689340162563245,66.2131967487351,53.7868032512649,7.91015625,9.802451620211812,10.504345426354979,16.26876983120586,394.8040293040293,326.6483516483516,2.6251418744937554,2.630819584951985,0.49264324667557263
22233,3.3375268151486455,2.6624731848513545,66.7505363029729,53.249463697027096,8.26171875,10.34254881368663,10.589741000107583,16.26876983120586,397.90201465201466,323.91483516483515,2.6251418744937554,2.6281509620393657,0.5373395542378059
22266,3.3587460493870087,2.6412539506129913,67.17492098774018,52.82507901225982,8.96484375,10.885205621481905,21.07958220231552,16.26876983120586,399.90659340659334,319.35897435897436,2.6247614007837305,2.6281509620393657,0.4243846847672773
22300,3.379482009674106,2.620517990325894,67.58964019348211,52.41035980651789,9.66796875,11.42739063496991,21.097925068007545,16.26876983120586,403.55128205128204,317.17216117216117,2.6219808144265624,2.6279274921134674,0.414719205741934
22333,3.4037416155289204,2.5962583844710796,68.0748323105784,51.9251676894216,10.1953125,11.971084723233103,15.779524324203972,16.26876983120586,406.83150183150184,315.5320512820513,2.620159456080791,2.626850251172552,0.48519211709628657
22366,3.428799759024546,2.571200240975454,68.57599518049092,51.42400481950908,10.72265625,12.511733541875298,15.86840439644569,16.26876983120586,408.8360805860806,311.15842490842493,2.620159456080791,2.621196782714147,0.5011628699125218
22400,3.45277376681579,2.54722623318421,69.05547533631581,50.94452466368419,11.337890625,13.055635821611165,18.402398394030378,16.26876983120586,410.84065934065933,308.78937728937734,2.6190642068861147,2.621196782714147,0.4794801558248879
22433,3.4788678439243226,2.521132156075677,69.57735687848646,50.42264312151354,11.865234375,13.597716584800057,15.82648688768439,16.26876983120586,416.67216117216117,306.0558608058608,2.616565044007122,2.619704917843484,0.521881542170654
22466,3.5078347958409783,2.4921652041590217,70.15669591681957,49.84330408318043,12.3046875,14.140727091945395,13.166157280849115,16.26876983120586,416.67216117216117,302.95787545787545,2.615365864493726,2.6155192420907305,0.5793390383331144
22500,3.5342810368996607,2.465718963100339,70.68562073799322,49.31437926200678,12.919921875,14.68063599067197,18.53850985365902,16.26876983120586,421.22802197802196,299.1309523809524,2.615365864493726,2.6104568616698836,0.5289248211736435
22533,3.562984716162444,2.437015283837556,71.25969432324888,48.74030567675112,13.447265625,15.224875082731456,15.76372262824745,16.26876983120586,424.6904761904761,295.48626373626377,2.6117863338033533,2.6104568616698836,0.5740735852556595
22566,3.5924784743164304,2.4075215256835696,71.8495694863286,48.150430513671395,13.974609375,15.765468782742916,15.870022330066167,16.26876983120586,427.970695970696,293.48168498168496,2.6080350493205575,2.6076277787082414,0.5898751630797238
22600,3.6228618073659256,2.3771381926340744,72.45723614731851,47.54276385268149,14.501953125,16.30776888149014,15.820085798424117,16.26876983120586,429.42857142857144,287.83241758241763,2.605306311537698,2.603410988009078,0.6076666609899027
22633,3.6500783849592597,2.3499216150407403,73.00156769918519,46.998432300814805,15.205078125,16.849743897698517,21.10609981174594,16.26876983120586,435.8067765567765,286.3745421245422,2.605306311537698,2.596201206461088,0.5443315518666824
22666,3.6765516486942915,2.323448351305709,73.53103297388583,46.46896702611418,15.908203125,17.391055662949316,21.049653291240684,15.914594989547902,438.35805860805857,281.27197802197793,2.6005719496288178,2.596201206461088,0.5294652747006348
22700,3.705679926068392,2.2943200739316087,74.11359852136783,45.88640147863217,16.435546875,17.90598743838359,15.791503270636706,14.92504923084958,441.63827838827837,279.44963369963364,2.5946204444820262,2.593333320300128,0.5825655474819991
22733,3.734518196820216,2.265481803179784,74.69036393640432,45.309636063595676,16.962890625,18.38592187290086,15.858021288769365,13.939654218421653,444.7362637362637,275.6227106227106,2.5901725170937167,2.58716880430438,0.5767654150364938
22766,3.760829936553939,2.2391700634460605,75.21659873107879,44.78340126892121,17.578125,18.83398961279903,18.462376846244375,12.952196441402405,446.558608058608,270.33791208791206,2.5901725170937167,2.582293486134591,0.5262347946744661
22800,3.78560346649767,2.2143965335023297,75.7120693299534,44.2879306700466,18.193359375,19.249678258874937,18.43802165075528,11.963434309303635,453.1190476190476,268.69780219780216,2.583739234753359,2.575983320074319,0.4954705988746095
22833,3.8084408510840313,2.1915591489159687,76.16881702168062,43.831182978319376,18.80859375,19.631112913517928,18.50173588432159,10.97807716697555,455.4880952380952,265.78205128205127,2.578237109444786,2.575983320074319,0.45674769172722995
22866,3.829097755295949,2.170902244704051,76.58195510591898,43.41804489408102,19.423828125,19.98209144662145,18.373972626007266,9.985868352357015,460.043956043956,262.684065934066,2.5728195000606986,2.5710217716404276,0.41313808423835374
22900,3.8490959193459093,2.150904080654091,76.98191838691818,43.01808161308182,19.951171875,20.29836048103716,15.827216964891235,8.99855547735236,461.68406593406587,260.8617216117216,2.5728195000606986,2.56409504132979,0.3999632809991982
22933,3.866822564437359,2.1331774355626405,77.33645128874718,42.66354871125281,20.478515625,20.58198253039438,15.812460347579458,8.01032121516676,463.5064102564102,257.76373626373623,2.5658318215734996,2.559021842282324,0.35453290182900876
22966,3.883907537202185,2.116092462797815,77.6781507440437,42.321849255956295,20.91796875,20.83223986827628,13.200000161945821,7.023805123423412,465.3287545787545,255.57692307692304,2.559930278290599,2.559021842282324,0.3416994552965214
23000,3.9007385112932877,2.099261488706712,78.01477022586576,41.98522977413424,21.26953125,21.050194770769117,10.531669376369175,6.0346352506970256,466.96886446886435,253.39010989010984,2.55596329544316,2.5563771525686287,0.3366194818220598
23033,3.913635897779076,2.086364102220924,78.27271795558153,41.72728204441847,21.708984375,21.234758902792663,13.19363001284486,5.04764284920505,469.15567765567755,252.84340659340654,2.55596329544316,2.551559456096074,0.25794772971576996
23066,3.925561720884394,2.074438279115606,78.51123441768787,41.488765582312126,22.060546875,21.386019454427668,10.588465220805118,4.0637788198696105,470.2490842490842,249.56318681318677,2.550657827515268,2.547142235733256,0.23851646210635147
23100,3.934917998916867,2.065082001083133,78.69835997833734,41.301640021662664,22.412109375,21.505524562435056,10.494816198500468,3.071135417681397,471.34249084249075,248.83424908424905,2.5445101369770686,2.547142235733256,0.18712556064945818
23133,3.9452913999557255,2.0547086000442745,78.9058279991145,41.094172000885486,22.587890625,21.59111578131946,5.297636414239516,2.087903534438335,472.8003663003663,247.74084249084245,2.5398890896258406,2.545298412572875,0.20746802077717694
23166,3.9517913357977545,2.048208664202245,79.0358267159551,40.964173284044904,22.8515625,21.644349100978946,7.888848391589612,1.097491860309275,473.7115384615385,247.19413919413918,2.5398890896258406,2.541050369925728,0.12999871684058817
23200,3.957364752468727,2.0426352475312726,79.14729504937455,40.85270495062545,23.02734375,21.664458186102504,5.289951565221679,0.11283161076094791,474.25824175824175,245.5540293040293,2.5380816066467626,2.5382864237884517,0.11146833341945103
23233,3.9588383085456202,2.0411616914543798,79.1767661709124,40.8232338290876,23.203125,21.614138910104234,5.249570067245451,-3.4055877732412045,476.0805860805861,245.18956043956044,2.5325678930623554,2.5382864237884517,0.029471121537849018
23266,3.95695091197609,2.04304908802391,79.1390182395218,40.8609817604782,23.291015625,21.43734396196953,2.6419515843411823,-7.223161159378094,474.44047619047626,245.37179487179486,2.5302534974993125,2.5380838073707865,-0.037747931390598594
23300,3.9512946552207695,2.0487053447792305,79.02589310441539,40.974106895584605,23.291015625,21.133200154152167,0.0,-11.044355738596987,476.80952380952385,245.73626373626374,2.529507096181478,2.536236482112232,-0.11312513510640647
23333,3.9393963243244285,2.0606036756755715,78.78792648648857,41.21207351351143,23.291015625,20.700498310152675,0.0,-14.875710221398109,474.9871794871795,245.73626373626374,2.529507096181478,2.536302020893404,-0.23796661792681412
23366,3.9200766520567085,2.0799233479432915,78.40153304113417,41.598466958865835,23.291015625,20.14095432166778,0.0,-18.700457943700076,475.16941391941396,246.10073260073258,2.5283178895725436,2.536302020893404,-0.38639344535440706
23400,3.8920810663014733,2.1079189336985267,77.84162132602947,42.15837867397053,23.291015625,19.45295887818903,0.0,-22.53016340466411,477.720695970696,246.46520146520146,2.526728347617453,2.5376020546331968,-0.5599117151047077
23433,3.8541376259199978,2.1458623740800022,77.08275251839996,42.91724748160004,23.291015625,18.639345421151784,0.0,-26.35032943881681,475.89835164835165,246.46520146520146,2.526109967459386,2.5367752945325286,-0.7588688076295121
23466,3.8049030907939545,2.1950969092060455,76.09806181587909,43.90193818412091,23.291015625,17.698727171985432,0.0,-30.169855832035772,474.25824175824175,246.8296703296703,2.526109967459386,2.5368705424327165,-0.9846907025208682
23500,3.7469835155208373,2.2530164844791627,74.93967031041674,45.060329689583256,23.115234375,16.629000679566083,-5.271985331898631,-33.996059214969236,468.2445054945054,253.75457875457874,2.5250693285435424,2.5368705424327165,-1.1583915054623481
23533,3.7146561070409403,2.2853438929590593,74.29312214081881,45.70687785918118,21.26953125,15.432701911528273,-55.399908345701384,-37.8192194240265,459.6794871794871,263.2307692307692,2.5182327347902698,2.5591867232866803,-0.6465481695979293
23566,3.6905611871773765,2.309438812822623,73.81122374354753,46.18877625645246,19.072265625,14.109358541097837,-65.77991250083443,-40.698644302725846,448.7454212454212,271.0668498168498,2.560270404583941,2.5659842181007626,-0.4818983972712741
23600,3.6409820904179138,2.3590179095820862,72.81964180835828,47.18035819164172,18.193359375,12.756460352692057,-26.4397521932847,-40.698644302725846,445.1007326007325,278.53846153846143,2.560270404583941,2.5717599689491544,-0.9915819351892516
23633,3.575203725601278,2.4247962743987226,71.50407451202555,48.49592548797445,17.75390625,11.396788159901515,-13.15401353129795,-40.698644302725846,438.7225274725274,284.3699633699633,2.572447537092375,2.5717599689491544,-1.3155672963327363
23666,3.517743549951177,2.482256450048823,70.35487099902353,49.64512900097647,16.5234375,10.043804829869863,-37.013323719737315,-40.698644302725846,431.25091575091574,289.2902930402931,2.571423020920594,2.597455008701919,-1.1492035130020237
23700,3.4605685738617593,2.5394314261382407,69.21137147723519,50.78862852276481,15.1171875,8.687382464414883,-42.193692767304725,-40.698644302725846,423.9615384615384,297.4908424908425,2.5854397322754994,2.597634299173587,-1.143499521788345
23733,3.394984740747227,2.605015259252773,67.89969481494454,52.10030518505546,13.974609375,7.327343983849677,-34.191224264570344,-40.698644302725846,417.03663003663,304.2335164835165,2.5854397322754994,2.6072784586621442,-1.3116766622906502
23766,3.3311146717641265,2.6688853282358735,66.62229343528253,53.37770656471747,12.568359375,5.974342542872241,-42.30037516394836,-40.698644302725846,409.3827838827839,311.8873626373627,2.5964266189240304,2.6072784586621442,-1.2774013796620112
23800,3.2627281889635653,2.7372718110364347,65.25456377927131,54.74543622072869,11.25,4.613997316593041,-39.44251667133541,-40.698644302725846,400.81776556776555,319.7234432234432,2.60452559997992,2.6168475439845666,-1.3677296560112213
23833,3.1934244857684995,2.8065755142315005,63.86848971536999,56.13151028463001,9.84375,3.260603988423801,-42.28812671045719,-40.698644302725846,394.62179487179486,328.10622710622704,2.608403866959887,2.6225653851046333,-1.3860740639013158
23866,3.1196184432630183,2.8803815567369817,62.392368865260366,57.607631134739634,8.525390625,1.9003981550263154,-39.44655871109587,-40.698644302725846,383.8699633699634,336.3067765567765,2.608403866959887,2.6298934683592616,-1.4761208501096232
23900,3.0488394455240804,2.9511605544759196,60.97678891048161,59.02321108951839,6.943359375,0.543622321789571,-47.45553800582166,-40.698644302725846,375.6694139194139,344.32509157509156,2.611677216556898,2.6354761428028053,-1.4155799547787566
23933,2.9805357559493797,3.0194642440506203,59.61071511898759,60.38928488101241,5.2734375,-0.7897661928943833,-50.08082959242127,-38.36695257504197,368.56227106227107,353.25457875457874,2.6175233105269347,2.6354761428028053,-1.3660737914940155
23966,2.911168860238306,3.088831139761694,58.22337720476612,61.77662279523388,3.779296875,-2.005985919471495,-44.782451947176085,-34.538235265155045,357.2637362637363,360.90842490842493,2.619821029501489,2.6362301899850205,-1.3873379142214683
24000,2.844558132112429,3.155441867887571,56.89116264224858,63.10883735775142,2.28515625,-3.0930374457228393,-44.84482719390393,-30.71484336740145,350.52106227106225,370.0201465201465,2.619821029501489,2.639481680485601,-1.3322145625175403
24033,2.781938554235105,3.2180614457648944,55.63877108470211,64.36122891529789,0.791015625,-4.050039807135757,-44.97840020426178,-26.90280585226799,341.77380952380946,376.94505494505495,2.6192732809532115,2.6406280056647287,-1.2523915575464712
24066,2.7243510809842633,3.2756489190157367,54.487021619685265,65.51297838031473,-0.703125,-4.8835974067190895,-44.79219725624935,-23.074921545355345,333.75549450549454,384.7811355311356,2.619191522802893,2.6406280056647287,-1.1517494650168383
24100,2.6691488093805833,3.3308511906194167,53.38297618761166,66.61702381238834,-2.021484375,-5.589463738396148,-39.522767511588626,-19.247060533514848,326.10164835164835,392.2527472527472,2.6150854744808414,2.6407882821808597,-1.1040454320736084
24133,2.618216493699539,3.381783506300461,52.36432987399078,67.63567012600922,-3.251953125,-6.167714481202348,-36.88288097799577,-15.418676930128663,320.2701465201465,399.72435897435895,2.6150854744808414,2.640248976195347,-1.0186463136208768
24166,2.5722085784961997,3.4277914215038003,51.444171569923995,68.555828430076,-4.39453125,-6.616950243513773,-34.363351092716286,-11.603101075137277,312.2518315018315,406.10256410256414,2.6114750805689613,2.639865359474952,-0.9201583040667892
24200,2.531590977506008,3.468409022493992,50.63181955012016,69.36818044987983,-5.44921875,-6.940394796347014,-31.588577132507872,-7.771648706693474,307.33150183150184,411.3873626373626,2.607658288465999,2.639865359474952,-0.812352019803831
24233,2.4970982951545695,3.5029017048454305,49.941965903091386,70.05803409690861,-6.416015625,-7.135524218296983,-29.04208352210127,-3.9515273118271446,303.14010989010984,418.1300366300366,2.6036484870058287,2.6370160242516545,-0.6898536470287773
24266,2.465260514983048,3.534739485016952,49.305210299660956,70.69478970033904,-7.119140625,-7.203495024691811,-21.064508038774296,-0.1210674549806755,298.58424908424905,421.41025641025635,2.6036484870058287,2.63310664116991,-0.636755603430432
24300,2.4394883059459076,3.560511694054093,48.78976611891815,71.21023388108185,-7.822265625,-7.1914164911331975,-21.06876286815967,0.7514358907376284,295.1217948717949,425.60164835164835,2.598264170258123,2.6307901193080925,-0.5154441807428017
24333,2.418248451046692,3.581751548953307,48.36496902093385,71.63503097906614,-8.4375,-7.153558229134836,-18.495966740989353,1.5248515965906189,293.29945054945057,429.246336996337,2.5924287713439003,2.6307901193080925,-0.4247970979843012
24366,2.397239849708285,3.602760150291715,47.9447969941657,72.0552030058343,-8.7890625,-7.089714332699362,-10.533405197629435,2.3008899460957912,289.4725274725275,430.15750915750914,2.589358911585362,2.629378815908226,-0.4201720267681506
24400,2.3828392667689515,3.6171607332310485,47.65678533537903,72.34321466462097,-9.228515625,-7.0000750970410115,-13.180322261218148,3.0761295629875702,287.83241758241763,436.17124542124543,2.585525996212942,2.6260081585046593,-0.28801165878667306
24433,2.3741592464698846,3.6258407535301154,47.483184929397694,72.5168150706023,-9.66796875,-6.8849329428856745,-13.215819733981355,3.84928689911739,286.9212454212455,435.4423076923077,2.585525996212942,2.624204004298192,-0.17360040598132898
24466,2.3675752570835242,3.632424742916476,47.35150514167048,72.64849485832953,-9.931640625,-6.743136203869882,-7.8810367650155655,4.62719784801601,284.0054945054944,434.3489010989011,2.5833890539415907,2.624204004298192,-0.1316797877272161
24500,2.3641164697503068,3.6358835302496924,47.28232939500614,72.71767060499386,-10.107421875,-6.576541249274522,-5.289963345157471,5.399823842836983,284.1877289377289,437.264652014652,2.5817149902312644,2.6233696877842156,-0.06917574666434294
24533,2.3614050352533384,3.6385949647466616,47.22810070506677,72.77189929493323,-10.107421875,-6.383260870616849,0.0,6.176259628812202,284.5521978021977,437.0824175824176,2.5804939989581643,2.622583443896376,-0.0542286899393662
24566,2.3623698478355926,3.6376301521644074,47.24739695671185,72.75260304328815,-10.107421875,-6.164175503778165,0.0,6.952285492343182,284.1877289377289,435.9890109890109,2.5804939989581643,2.622537502696511,0.019296251645079115
24600,2.369306209407145,3.630693790592855,47.386124188142894,72.6138758118571,-10.1953125,-5.9204122973451705,-2.6459356817957036,7.7246329118664265,283.4587912087911,436.17124542124543,2.5796633852276276,2.622537502696511,0.138727231431043
24633,2.3792489792311153,3.6207510207688847,47.5849795846223,72.4150204153777,-10.1953125,-5.64875867069135,0.0,8.503094570563988,284.0054945054944,436.5357142857142,2.5792765508987237,2.62312890729581,0.19885539647941156
24666,2.393817620812951,3.606182379187049,47.876352416259024,72.12364758374098,-10.1953125,-5.352543931379325,0.0,9.277792964219335,285.64560439560444,435.6245421245421,2.5796043327569578,2.6218433307682463,0.29137283163671923
24700,2.4133214037238053,3.5866785962761947,48.26642807447611,71.73357192552389,-10.1953125,-5.0317072959403095,0.0,10.049739064252899,286.5567765567766,434.16666666666663,2.5796043327569578,2.6207286972404416,0.39007565821708223
24733,2.438126588431752,3.5618734115682487,48.762531768635036,71.23746823136497,-10.1953125,-4.683271143019803,0.0,10.82591908463614,286.73901098901104,434.8956043956044,2.579598977263247,2.6207286972404416,0.4961036941589243
24766,2.4685936845045804,3.5314063154954196,49.371873690091604,70.6281263099084,-10.1953125,-4.308270890319591,0.0,11.60340892718193,284.9166666666666,434.8956043956044,2.5798488710905425,2.6203901603717186,0.609341921456571
24800,2.5050646957617486,3.4949353042382514,50.10129391523497,69.89870608476502,-10.1953125,-3.9086268279805454,0.0,12.378355320389982,286.5567765567766,434.8956043956044,2.5805773362199558,2.6187372364031085,0.729420225143364
24833,2.547888173347739,3.4521118266522604,50.95776346695479,69.04223653304521,-10.1953125,-3.4846314838369628,0.0,13.150690695658424,291.8415750915751,431.25091575091574,2.5805773362199558,2.6176933015328507,0.8564695517198158
24866,2.5729457357125716,3.4270542642874284,51.458914714251435,68.54108528574857,-9.140625,-3.040800922868419,31.637746598502034,13.335811738153911,298.7664835164835,423.23260073260064,2.5960986136662765,2.6176933015328507,0.5011512472966448
24900,2.5756382767468016,3.4243617232531984,51.51276553493603,68.48723446506396,-7.20703125,-2.5954095487163364,57.895243878850174,13.335811738153911,305.14468864468864,415.9432234432234,2.6017528306264244,2.6108342292261435,0.053850820684595846
24933,2.5925632161681107,3.4074367838318893,51.851264323362216,68.14873567663778,-6.328125,-2.151227052592266,26.387641088434343,13.335811738153911,310.79395604395603,411.9340659340659,2.5986309171304227,2.6294806319972372,0.33849878842618997
24966,2.6259280942928003,3.3740719057071997,52.518561885856,67.481438114144,-6.240234375,-1.706651643435908,2.6364319852348266,13.335811738153911,314.0741758241758,409.20054945054943,2.5986309171304227,2.6309891308862063,0.667297562493787
25000,2.655959115361634,3.344040884638366,53.11918230723269,66.88081769276731,-5.80078125,-1.2617331972136303,13.17199633439244,13.335811738153911,315.5320512820513,406.10256410256414,2.6114607252123614,2.6309891308862063,0.6006204213766918
25033,2.6818434073741857,3.3181565926258143,53.63686814748371,66.36313185251629,-5.09765625,-0.8180433792992923,21.133553779680888,13.335811738153911,319.9056776556776,402.27564102564105,2.6112883266266773,2.6285321730175584,0.5176858402510216
25066,2.7074998976449063,3.292500102355094,54.149997952898126,65.85000204710188,-4.39453125,-0.37305406658302065,21.071837818199775,13.335811738153911,321.72802197802196,398.08424908424905,2.6143483890453068,2.628604511001667,0.5131298054144132
25100,2.7367925287306014,3.2632074712693986,54.73585057461203,65.26414942538797,-3.8671875,0.07114645956190557,15.83194201124748,13.335811738153911,325.19047619047615,395.71520146520146,2.6143483890453068,2.6306369930216866,0.5858526217139046
25133,2.7691259453461146,3.2308740546538854,55.382518906922286,64.61748109307771,-3.427734375,0.5170171761074673,13.143864185896923,13.335811738153911,329.56410256410254,392.0705128205128,2.615372051133787,2.6315421561341266,0.6466683323102592
25166,2.8010906422884854,3.1989093577115146,56.0218128457697,63.9781871542303,-2.900390625,0.9609136990766922,15.842784539629438,13.335811738153911,332.6620879120879,388.4258241758242,2.6184626458090654,2.6315421561341266,0.6392939388474139
25200,2.8339801645847564,3.1660198354152436,56.67960329169512,63.32039670830488,-2.373046875,1.4040876077639641,15.86861688704397,13.335811738153911,336.12454212454213,384.4166666666667,2.6205275297428194,2.632126586465148,0.6577904459254201
25233,2.8637928255168417,3.1362071744831583,57.27585651033684,62.72414348966316,-1.669921875,1.8488761498291355,21.08134931905592,13.335811738153911,340.8626373626373,380.77197802197804,2.6205275297428194,2.6321759756812733,0.5962532186417152
25266,2.8910261343086097,3.1089738656913903,57.8205226861722,62.1794773138278,-0.87890625,2.293991165948048,23.69912286697609,13.335811738153911,347.9697802197802,376.5805860805861,2.622635887684959,2.634293464836762,0.5446661758353606
25300,2.920889150824033,3.079110849175967,58.41778301648066,61.58221698351934,-0.263671875,2.7397287644337984,18.406905380460195,13.335811738153911,347.4230769230769,372.38919413919416,2.623055205610109,2.634293464836762,0.5972603303084626
25333,2.9526302954295987,3.0473697045704013,59.05260590859197,60.94739409140803,0.263671875,3.183871013054909,15.834019378083202,13.335811738153911,351.79670329670324,370.0201465201465,2.624656531890284,2.6360222852122748,0.6348228921113066
25366,2.980847280714024,3.019152719285976,59.616945614280475,60.383054385719525,0.966796875,3.626534226853325,21.182565743218802,13.335811738153911,354.3479853479853,366.9221611721612,2.624656531890284,2.635436411453244,0.5643397056885018
25400,3.0102051367456704,2.9897948632543296,60.204102734913405,59.795897265086595,1.58203125,4.071749261497104,18.42851018363616,13.335811738153911,358.17490842490844,361.6373626373627,2.6268419962357585,2.6352945211103624,0.5871571206329299
25433,3.041033142937344,2.958966857062656,60.82066285874688,59.17933714125312,2.109375,4.513412849396273,15.779367093617465,12.90360805378125,361.8195970695971,358.53937728937734,2.6256438501941393,2.6352945211103624,0.6165601238334706
25466,3.0695716404236584,2.9304283595763416,61.39143280847316,58.60856719152684,2.724609375,4.930706586976914,18.452881195359122,12.12838650322938,365.2820512820513,354.5302197802197,2.6269503272734878,2.6360420846071784,0.5707699497262844
25500,3.09685844158535,2.90314155841465,61.937168831707005,58.062831168292995,3.33984375,5.321800359262194,18.470126571619144,11.353888769445756,368.7445054945055,351.4322344322344,2.6269503272734878,2.6353143123063654,0.5457360232338442
25533,3.124594125081533,2.875405874918467,62.491882501630656,57.508117498369344,3.8671875,5.6862839135156715,15.868094505054291,10.581175349289932,372.57142857142856,348.51648351648345,2.6273805313537557,2.6350091743090256,0.5547136699236528
25566,3.1492572710594975,2.8507427289405025,62.985145421189955,57.014854578810045,4.482421875,6.026943464289498,18.407966104471253,9.804062272743087,376.3983516483516,344.50732600732596,2.6269635070414545,2.6350091743090256,0.493262919559303
25600,3.173755515741985,2.826244484258015,63.4751103148397,56.5248896851603,5.009765625,6.34011368871177,15.857950236174505,9.030854550827936,378.76739926739936,341.2271062271062,2.6266515641991632,2.635708727479932,0.48996489364974355
25633,3.1985529216419435,2.8014470783580565,63.97105843283887,56.02894156716113,5.44921875,6.6280176705201015,13.193519893766231,8.256390415208998,383.14102564102564,339.2225274725275,2.6264497143693695,2.6348178534833457,0.49594811799917793
25666,3.220059180418505,2.779940819581494,64.4011836083701,55.59881639162989,5.9765625,6.890740569103676,15.793246507621422,7.4800149201238515,384.5989010989011,334.8489010989011,2.6264497143693695,2.6339438624314004,0.4301251755312373
25700,3.237248785778728,2.762751214221272,64.74497571557455,55.255024284425446,6.591796875,7.127587354505369,18.421551526243707,6.703474944539471,387.87912087912093,334.30219780219784,2.6260442026615243,2.6339438624314004,0.3437921072044513
25733,3.2550853310526553,2.7449146689473447,65.10170662105311,54.89829337894689,7.03125,7.338232558794473,13.176026231145896,5.927982561551985,389.7014652014652,331.021978021978,2.6245876834551853,2.6332038773222237,0.3567309054785542
25766,3.274667657587944,2.725332342412056,65.49335315175888,54.50664684824112,7.294921875,7.522839214261644,7.913625821638585,5.153275123222694,391.15934065934067,328.10622710622704,2.624785991640817,2.6320970988606187,0.39164653070577105
25800,3.2911043423597452,2.7088956576402548,65.82208684719491,54.17791315280509,7.646484375,7.681435657770905,10.56583592070134,4.379618741883114,393.89285714285717,326.28388278388275,2.624785991640817,2.6306369930216866,0.32873369543602765
25833,3.303435369597151,2.6965646304028486,66.06870739194302,53.93129260805697,8.0859375,7.814534783914737,13.180380767687229,3.6043825662069926,396.808608058608,325.19047619047615,2.624733627995984,2.6306369930216866,0.24662054474811773
25866,3.3166687833776076,2.6833312166223924,66.33337566755215,53.666624332447846,8.349609375,7.921909346113598,7.897932934983425,2.828135814221749,397.3553113553113,323.00366300366295,2.6229371448733616,2.630543236984988,0.26466827560913103
25900,3.3278712739934115,2.6721287260065885,66.55742547986823,53.442574520131764,8.61328125,8.002984863304354,7.942420825655289,2.0562370540383457,399.17765567765565,321.18131868131866,2.622219992440102,2.629467578322003,0.22404981231608784
25933,3.33681260736322,2.6631873926367797,66.7362521472644,53.2637478527356,8.876953125,8.0587476530229,7.884467079659504,1.2786645527852967,401.1822344322344,321.18131868131866,2.622219992440102,2.6276844900528373,0.17882666739617273
25966,3.343155299892144,2.656844700107856,66.86310599784288,53.13689400215713,9.140625,8.088426054810137,7.922551398376603,0.5048299028221039,400.27106227106225,319.54120879120876,2.622146184622336,2.6276844900528373,0.1268538505784791
26000,3.348610642025978,2.651389357974022,66.97221284051956,53.02778715948044,9.31640625,8.091987086125682,5.258227288861979,-0.32759089997027196,401.91117216117215,318.4478021978022,2.6206077630696907,2.6279472003771995,0.10910684267668398
26033,3.35148123599236,2.648518764007641,67.02962471984719,52.970375280152815,9.4921875,8.06553695728289,5.273543551139069,-1.2594487460182495,403.7335164835165,318.0833333333333,2.619878294863308,2.6264644830801416,0.05741187932762708
26066,3.3554791471315952,2.6445208528684048,67.1095829426319,52.8904170573681,9.4921875,8.008297721144567,0.0,-2.187831205034012,403.0045787545788,317.17216117216117,2.619878294863308,2.625368317313026,0.07995822278470925
26100,3.355676913249556,2.644323086750444,67.11353826499112,52.88646173500888,9.580078125,7.919610819624006,2.6309543029743327,-3.121749542013314,403.91575091575095,316.9899267399268,2.6203100813211138,2.625368317313026,0.00395532235921623
26133,3.3530725573766125,2.6469274426233875,67.06145114753225,52.93854885246775,9.66796875,7.800172330284107,2.6396710637790695,-4.052583880055661,404.64468864468864,317.71886446886447,2.619927483990489,2.625553689440425,-0.05208711745886874
26166,3.3493488402471594,2.6506511597528415,66.98697680494318,53.013023195056824,9.66796875,7.6493887785825585,0.0,-4.985392240238148,404.46245421245425,317.53663003663,2.619433491885375,2.6249681193925327,-0.07447434258907629
26200,3.3428801779944477,2.6571198220055523,66.85760355988896,53.14239644011104,9.66796875,7.467718875283274,0.0,-5.917074576700727,404.64468864468864,318.4478021978022,2.619433491885375,2.6250204900547405,-0.12937324505422804
26233,3.3333437560517667,2.6666562439482333,66.66687512103533,53.33312487896467,9.66796875,7.254906906968463,0.0,-6.849134323206746,403.36904761904765,318.6300366300366,2.6193747990457563,2.6251894756958447,-0.19072843885362928
26266,3.32041183605955,2.67958816394045,66.408236721191,53.591763278809,9.66796875,7.011518113083508,0.0,-7.779404866570232,402.82234432234435,316.62545787545787,2.6184904632574044,2.6251894756958447,-0.2586383998443296
26300,3.3037225473709357,2.6962774526290643,66.07445094741871,53.92554905258129,9.66796875,6.736038016894104,0.0,-8.713320100446031,402.27564102564105,318.26556776556777,2.618028145805798,2.6254157799691558,-0.3337857737722912
26333,3.2829285139567452,2.7170714860432548,65.6585702791349,54.341429720865094,9.66796875,6.430441418107915,0.0,-9.64409902920945,403.1868131868132,318.26556776556777,2.618028145805798,2.6252797623834887,-0.415880668283803
26366,3.257641063855803,2.742358936144197,65.15282127711606,54.84717872288394,9.66796875,6.092654189070317,0.0,-10.5780530663719,403.55128205128204,317.9010989010989,2.6179840533432945,2.625287865262702,-0.5057490020188413
26400,3.227390788518061,2.772609211481939,64.54781577036121,55.45218422963879,9.66796875,5.717605731408156,0.0,-11.5267141569605,401.3644688644688,319.7234432234432,2.6173226560148475,2.625287865262702,-0.6050055067548462
26433,3.196062600490575,2.803937399509425,63.9212520098115,56.0787479901885,9.4921875,5.3264961916110005,-5.385644714846246,-12.439175560338638,396.9908424908425,324.6437728937729,2.6111189591301436,2.6262345686502457,-0.6265637605497173
26466,3.190588766704051,2.809411233295949,63.81177533408102,56.18822466591898,7.998046875,4.894932064784798,-44.68450994901838,-13.373965714506083,388.9725274725275,329.56410256410254,2.6111189591301436,2.63561950330993,-0.10947667573047881
26500,3.189936228074056,2.810063771925944,63.79872456148112,56.20127543851888,6.591796875,4.438901239596341,-42.34675173297995,-13.859572035061966,386.42124542124543,335.9423076923077,2.6134438899360024,2.6303524023336338,-0.013050772599899008
26533,3.167554499001308,2.832445500998692,63.35108998002615,56.64891001997385,6.416015625,3.9750355419409864,-5.252065218666663,-13.859572035061966,382.7765567765568,339.5869963369963,2.625517510668371,2.6303524023336338,-0.4476345814549717
26566,3.137896884050974,2.862103115949026,62.75793768101948,57.24206231898052,6.416015625,3.515386217112982,0.0,-13.859572035061966,380.77197802197804,340.6804029304029,2.620689587541471,2.634834293161797,-0.593152299006674
26600,3.113432665859114,2.886567334140886,62.26865331718228,57.73134668281772,5.9765625,3.0529400861425424,-13.170468588826633,-13.859572035061966,377.8562271062271,343.4139194139194,2.620689587541471,2.6390912307707817,-0.48928436383720236
26633,3.089548899196809,2.910451100803191,61.79097798393618,58.20902201606382,5.44921875,2.58936825297989,-15.766183722815416,-13.859572035061966,374.75824175824175,345.96520146520146,2.619493917287248,2.6392582223795173,-0.477675333246096
26666,3.0650124252744217,2.9349875747255783,61.30024850548843,58.69975149451157,4.921875,2.1271798129857182,-15.813374065471812,-13.859572035061966,369.8379120879121,348.69871794871796,2.6219399436801445,2.6392582223795173,-0.49072947844774384
26700,3.0378224504759372,2.9621775495240628,60.75644900951875,59.24355099048125,4.482421875,1.6653650686320796,-13.188475068060264,-13.859572035061966,368.56227106227107,352.34340659340654,2.621769538852684,2.6401148686425597,-0.5437994959696855
26733,3.0133278686156855,2.9866721313843145,60.266557372313706,59.733442627686294,3.8671875,1.2040939244498015,-18.485624445194627,-13.859572035061966,365.82875457875457,354.3479853479853,2.622143007056315,2.639461696457768,-0.48989163720504303
26766,2.9888994243257296,3.0111005756742704,59.7779884865146,60.2220115134854,3.251953125,0.7413392931812632,-18.426363698153136,-13.859572035061966,361.0906593406594,358.35714285714295,2.622143007056315,2.6397064799662133,-0.4885688857991018
26800,2.9646680776851793,3.0353319223148207,59.29336155370358,60.70663844629642,2.63671875,0.2798407411257622,-18.476515475033104,-13.859572035061966,358.9038461538462,360.5439560439561,2.6221772384124935,2.6397064799662133,-0.4846269328110207
26833,2.940707534097961,3.059292465902039,58.81415068195923,61.18584931804077,2.021484375,-0.1804969331501467,-18.523109480820242,-13.859572035061966,356.717032967033,364.18864468864473,2.6220577926675106,2.640967260270462,-0.479210871744357
26866,2.91498934685731,3.08501065314269,58.2997869371462,61.7002130628538,1.494140625,-0.6427115677231563,-15.812477891610886,-13.859572035061966,353.61904761904754,366.37545787545787,2.6220478271882643,2.640207823498363,-0.5143637448130252
26900,2.8888785023748813,3.1111214976251187,57.77757004749762,62.22242995250238,0.966796875,-1.1055768122070972,-15.790251649836877,-13.859572035061966,349.9743589743589,369.8379120879121,2.6220478271882643,2.640819959685565,-0.5222168896485847
26933,2.86245226628384,3.13754773371616,57.2490453256768,62.7509546743232,0.439453125,-1.5669801351481167,-15.840281868318863,-13.859572035061966,347.4230769230769,374.75824175824175,2.6215272460184744,2.640819959685565,-0.5285247218208158
26966,2.837673544722652,3.162326455277348,56.75347089445304,63.24652910554696,-0.17578125,-2.030255789249895,-18.405640493436184,-13.859572035061966,344.14285714285717,376.2161172161172,2.621218147608829,2.641968617648499,-0.4955744312237682
27000,2.8096583653809226,3.1903416346190774,56.19316730761845,63.80683269238155,-0.615234375,-2.486612259518086,-13.181764516113535,-13.295363460058743,341.04487179487177,379.6785714285715,2.6202986829799237,2.6409224410477488,-0.560303586834586
27033,2.7814451379223386,3.2185548620776614,55.62890275844677,64.37109724155323,-1.0546875,-2.9133939763622267,-13.211346428680343,-12.365444439099512,338.1291208791209,382.95879120879124,2.6202986829799237,2.6409637564464687,-0.5642645491716793
27066,2.7552327928735916,3.244767207126409,55.10465585747183,64.89534414252817,-1.58203125,-3.3110594937508004,-15.778274129190391,-11.431085035586575,334.30219780219784,385.5100732600733,2.619592131052773,2.6409637564464687,-0.5242469009749388
27100,2.73415150579799,3.2658484942020096,54.6830301159598,65.31696988404019,-2.28515625,-3.6751360102256285,-21.18017868371269,-10.503011102313554,330.11080586080584,388.6080586080586,2.6180918368848727,2.6415796606068205,-0.4216257415120288
27133,2.711805822985264,3.288194177014736,54.236116459705286,65.76388354029471,-2.8125,-4.0096251328516415,-15.824279014805184,-9.571368100441505,329.56410256410254,393.52838827838826,2.6164166130674285,2.6406809916415197,-0.4469136562545198
27166,2.687135454124395,3.312864545875606,53.7427090824879,66.25729091751211,-3.1640625,-4.31441823587116,-10.500237982432816,-8.635352565779105,325.19047619047615,395.35073260073256,2.6164166130674285,2.64081660213502,-0.49340737721738787
27200,2.6671691108059967,3.3328308891940033,53.343382216119934,66.65661778388007,-3.69140625,-4.585734469866235,-15.88199802220365,-7.707095379044586,324.09706959706955,398.63095238095235,2.6154651411354957,2.64081660213502,-0.3993268663679609
27233,2.651499904603899,3.3485000953961004,53.02999809207798,66.97000190792201,-4.306640625,-4.828020120209978,-18.382634704590085,-6.771447385842523,320.2701465201465,400.6355311355311,2.6130270181659916,2.641061428152196,-0.3133841240419529
27266,2.635318638253917,3.364681361746083,52.70637276507834,67.29362723492166,-4.74609375,-5.037612500899311,-13.223751108961688,-5.842400685304897,317.53663003663,402.27564102564105,2.6127401085553403,2.640432715753597,-0.32362532699963825
27300,2.619498068367343,3.380501931632657,52.38996136734686,67.61003863265314,-5.09765625,-5.217087659594833,-10.530162473028735,-4.909045108467114,316.4432234432235,405.3736263736264,2.6127401085553403,2.6403797372491757,-0.316411397731489
27333,2.6057279206445867,3.3942720793554133,52.11455841289174,67.88544158710826,-5.44921875,-5.364846412582052,-10.574369524304522,-3.9795915040116063,315.1675824175824,407.0137362637363,2.610801654731507,2.6402243136479404,-0.27540295445511875
27366,2.59428329823136,3.4057167017686396,51.8856659646272,68.11433403537279,-5.80078125,-5.482299306715776,-10.512593537590876,-3.0446760776646236,312.2518315018315,407.0137362637363,2.6098113654690804,2.6402243136479404,-0.2288924482645379
27400,2.5835477643929603,3.4164522356070397,51.6709552878592,68.3290447121408,-6.064453125,-5.568169911650942,-7.919973453222088,-2.1139545991844004,311.34065934065933,410.1117216117216,2.6088491601505615,2.638674768798911,-0.21471067676799915
27433,2.5751366284175248,3.4248633715824752,51.502732568350496,68.4972674316495,-6.328125,-5.623058056268818,-7.919343559523597,-1.1831590923974193,310.79395604395603,412.1163003663004,2.6088491601505615,2.6378634177965563,-0.16822271950870438
27466,2.5693807358271696,3.4306192641728304,51.387614716543396,68.6123852834566,-6.591796875,-5.646960155482475,-7.915121722111513,-0.25186710969616716,308.06043956043953,411.20512820512823,2.607802823186338,2.6370160242516545,-0.1151178518070975
27500,2.5650264375858467,3.4349735624141533,51.30052875171694,68.69947124828306,-6.767578125,-5.631433805845509,-5.279121900475569,1.371939954655597,307.8782051282051,412.6630036630036,2.607033017032793,2.6370160242516545,-0.08708596482645511
27533,2.5620737606021478,3.4379262393978522,51.24147521204296,68.75852478795704,-6.85546875,-5.554139418745697,-2.6323070033287186,3.2579635528194064,308.4249084249084,412.8452380952381,2.6060856568569544,2.63737789408998,-0.059053539673983885
27566,2.5624133010198147,3.4375866989801853,51.248266020396294,68.7517339796037,-6.943359375,-5.413907365215206,-2.6328458863347146,5.1436011253251115,306.7847985347985,411.5695970695971,2.6060856568569544,2.6359858898476745,0.006790808353338035
27600,2.56462384398821,3.43537615601179,51.29247687976421,68.70752312023579,-6.943359375,-5.210876642748164,0.0,7.028046277503503,307.33150183150184,412.8452380952381,2.606216893681532,2.6358273604320557,0.04421085936791197
27633,2.5706036793645897,3.4293963206354108,51.41207358729179,68.58792641270821,-6.943359375,-4.945016100078043,0.0,8.9122528892286,308.242673992674,413.3919413919414,2.605477402749868,2.6358273604320557,0.11959670752758428
27666,2.580951505743243,3.419048494256757,51.619030114864856,68.38096988513514,-6.943359375,-4.617041033490402,0.0,10.79260280375167,308.242673992674,411.3873626373626,2.605425472782936,2.6365074346118895,0.2069565275730657
27700,2.5962993526698637,3.403700647330136,51.92598705339727,68.07401294660272,-6.943359375,-4.226467478078435,0.0,12.672970454959763,307.69597069597063,412.8452380952381,2.605425472782936,2.6354116707737534,0.30695693853241635
27733,2.6173015997533273,3.3826984002466727,52.346031995066554,67.65396800493345,-6.943359375,-3.773589011299305,0.0,14.552209458544452,309.33608058608064,412.4807692307692,2.6059056338066995,2.6349349713630694,0.42004494166928164
27766,2.644657881563219,3.355342118436781,52.89315763126437,67.10684236873563,-6.943359375,-3.2568719252675598,0.0,16.43597886834046,308.4249084249084,411.20512820512823,2.605897477401177,2.6349349713630694,0.5471256361978188
27800,2.6790740326568994,3.3209259673431006,53.58148065313799,66.41851934686201,-6.943359375,-2.6778922131471816,0.0,18.318022290640606,308.78937728937734,412.6630036630036,2.6058018929062388,2.6352614877724747,0.688323021873614
27833,2.721290747610299,3.2787092523897003,54.42581495220599,65.574185047794,-6.943359375,-2.035951191040862,0.0,20.20077596862051,312.9807692307692,411.0228937728937,2.609915345898726,2.6339951932005157,0.8443342990680021
27866,2.760044797492552,3.239955202507448,55.200895949851045,64.79910405014896,-6.416015625,-1.3287126915601886,15.766812551526401,22.090032827481,320.8168498168498,401.7289377289377,2.609915345898726,2.62372210218409,0.7750809976450564
27900,2.7674091865730635,3.2325908134269365,55.34818373146126,64.65181626853874,-4.306640625,-0.5624190653310883,63.39406291034807,23.96955008116859,326.6483516483516,394.9862637362637,2.6219562629801847,2.62372210218409,0.14728778161021389
27933,2.785418183628052,3.2145818163719473,55.70836367256104,64.29163632743895,-2.98828125,0.2704788519100676,39.43493521219144,25.857949199555506,332.29761904761904,389.5192307692308,2.612183520890331,2.634512801705473,0.36017994109978146
27966,2.8300949137634457,3.1699050862365543,56.601898275268915,63.398101724731085,-2.900390625,1.1584661349075853,2.6386921748633143,27.015871434337473,335.57783882783883,385.32783882783883,2.6219006624499355,2.6423810380581014,0.8935346027078751
28000,2.8748343583520737,3.1251656416479263,57.49668716704148,62.50331283295852,-2.4609375,2.0586368891572473,13.188841195261832,27.015871434337473,340.315934065934,381.68315018315025,2.6219006624499355,2.6350256157781042,0.8947888917725647
28033,2.9149690888488755,3.0850309111511245,58.299381776977505,61.700618223022495,-1.58203125,2.9563371771615823,26.45027362709389,27.015871434337473,344.6895604395604,377.67399267399264,2.6258014617671437,2.6350256157781042,0.8026946099360277
28066,2.9572400535427943,3.0427599464572057,59.144801070855884,60.855198929144116,-0.703125,3.858185887205658,26.328604774159114,27.015871434337473,349.4276556776556,370.74908424908426,2.624882767252034,2.636136134779374,0.845419293878381
28100,3.001530336058835,2.998469663941165,60.030606721176696,59.969393278823304,0.17578125,4.757374047328399,26.40650678673796,27.015871434337473,355.62362637362645,366.9221611721612,2.6269635070414545,2.63737789408998,0.8858056503208137
28133,3.047943066275484,2.952056933724516,60.95886132550968,59.04113867449032,1.0546875,5.658819545467843,26.3403814227743,27.015871434337473,360.72619047619054,360.17948717948724,2.6269635070414545,2.6373016971084478,0.9282546043329811
28166,3.096404485682978,2.903595514317022,61.92808971365956,58.07191028634044,1.93359375,6.558236827144252,26.399779875897956,27.015871434337473,364.5531135531136,355.441391941392,2.627461079618737,2.6373016971084478,0.969228388149878
28200,3.14698183457062,2.85301816542938,62.9396366914124,57.0603633085876,2.8125,7.45882732708272,26.365388325168833,27.015871434337473,371.1135531135531,349.7921245421245,2.6275546709240043,2.637737652543124,1.0115469777528436
28233,3.1957458888206474,2.8042541111793526,63.91491777641295,56.08508222358705,3.8671875,8.363313569719942,31.502194903843467,27.015871434337473,377.49175824175825,345.0540293040293,2.627700863014547,2.6358308540391646,0.9752810850005453
28266,3.2450819542255775,2.7549180457744225,64.90163908451156,55.09836091548844,4.921875,9.263415784728336,31.65562913667209,27.015871434337473,382.7765567765568,336.67124542124543,2.627700863014547,2.635603056282128,0.9867213080986127
28300,3.2969335460383524,2.7030664539616476,65.93867092076705,54.06132907923295,5.888671875,10.160311594045577,29.12139827925177,27.015871434337473,388.7902930402931,331.2042124542124,2.6266761816239286,2.635603056282128,1.0370318362554953
28333,3.348108231546724,2.651891768453276,66.96216463093448,53.03783536906552,6.943359375,11.061691038525064,31.61077399524749,27.015871434337473,395.89743589743586,325.73717948717945,2.6254454447828337,2.632398389640198,1.023493710167432
28366,3.3978464482349864,2.602153551765013,67.95692896469973,52.043071035300265,8.0859375,11.965605463107442,34.148966859277365,27.015871434337473,400.81776556776555,317.9010989010989,2.622748871108729,2.627866774665212,0.994764333765253
28400,3.4472023368094096,2.55279766319059,68.9440467361882,51.0559532638118,9.228515625,12.865490551629662,34.30187267507343,27.015871434337473,407.0137362637363,312.9807692307692,2.622748871108729,2.625707819387855,0.9871177714884717
28433,3.5001762799488376,2.4998237200511624,70.00352559897675,49.99647440102325,10.1953125,13.766492394113593,28.98732289305602,26.946670494782442,416.12545787545787,307.33150183150184,2.618869574222181,2.61662220264509,1.0594788627885523
28466,3.5528651766974004,2.4471348233025996,71.057303533948,48.942696466052,11.162109375,14.632098365937058,29.046850273337583,25.066586290440476,419.58791208791206,300.58882783882785,2.61616181927729,2.61662220264509,1.0537779349712526
28500,3.600703312881424,2.399296687118576,72.01406625762849,47.985933742371515,12.3046875,15.434282470893951,34.36572414448048,23.1885606633584,425.054945054945,293.48168498168496,2.6108893346050035,2.6089285710436396,0.9567627236804862
28533,3.6458295863126553,2.3541704136873447,72.9165917262531,47.0834082737469,13.447265625,16.177589495173883,34.19374449144152,21.30108938472375,432.5265567765568,288.37912087912093,2.6108893346050035,2.603541879946652,0.9025254686246167
28566,3.6914109711824197,2.3085890288175803,73.82821942364839,46.17178057635161,14.4140625,16.854444940547857,29.084765095880794,19.42345605315792,437.9935897435897,282.3653846153845,2.6035094418325073,2.5935607747070635,0.9116276973952905
28600,3.736344354682178,2.2636556453178214,74.72688709364357,45.27311290635643,15.29296875,17.470467135656527,26.369226368989125,17.540733725085257,442.91391941391936,275.98717948717945,2.5963941713820846,2.5935607747070635,0.8986676699951794
28633,3.7767398768653884,2.223260123134611,75.53479753730777,44.465202462692226,16.259765625,18.026251455903125,28.86701626166855,15.648937084595492,449.47435897435895,271.2490842490842,2.5871714938445507,2.585534057162082,0.8079104436642043
28666,3.8150435259405238,2.1849564740594762,76.30087051881047,43.69912948118953,17.138671875,18.514845350436143,26.46267648026714,13.772863389029641,452.75457875457874,265.78205128205127,2.5871714938445507,2.577574105443474,0.7660729815027053
28700,3.8494391751012333,2.1505608248987667,76.98878350202467,43.011216497975326,18.017578125,18.942163264657545,26.393583457732273,11.891878514868724,459.1327838827838,261.95512820512823,2.5783955417592543,2.5656003166829793,0.6879129832142004
28733,3.883249241013941,2.116750758986059,77.66498482027882,42.33501517972118,18.720703125,19.30710853599705,21.098147908493836,10.009403087197219,462.5952380952381,257.39926739926733,2.5681555947260573,2.5656003166829793,0.6762013182541394
28766,3.9131946935287885,2.0868053064712115,78.26389387057577,41.736106129424236,19.423828125,19.609460219698715,21.087051488752216,8.12593706406433,466.0576923076922,253.39010989010984,2.5576574510268366,2.5601985000535166,0.5989090502969472
28800,3.938619153135243,2.0613808468647576,78.77238306270485,41.22761693729515,20.126953125,19.849260567360645,21.061668654205533,6.240201149251708,470.79578754578745,249.38095238095238,2.5576574510268366,2.550240786773555,0.5084891921290802
28833,3.9607998338863575,2.0392001661136425,79.21599667772715,40.78400332227285,20.7421875,20.025622081200734,18.490634651250968,4.360755011426599,474.25824175824175,246.8296703296703,2.549633558886378,2.541405069660662,0.44361361502230257
28866,3.979825620110353,2.020174379889647,79.59651240220705,40.403487597792946,21.26953125,20.13985912286029,15.770671943183906,2.4719604906444235,475.89835164835165,243.54945054945054,2.5367515177548983,2.541405069660662,0.3805157244799019
28900,3.9996783429266727,2.0003216570733273,79.99356685853346,40.006433141466545,21.533203125,20.190818912326787,7.933384088091287,0.5946053528758696,479.3608058608059,241.72710622710622,2.5243508685459726,2.536516654137962,0.39705445632639996
28933,4.011065405054354,1.9889345949456456,80.22130810108709,39.77869189891291,21.97265625,20.16415807365032,13.162564710749995,-2.60633635885374,481.00091575091574,240.81593406593407,2.5199678875073417,2.527916432797735,0.2277412425536387
28966,4.017132867299497,1.9828671327005032,80.34265734598993,39.657342654010066,22.32421875,20.014306692035213,10.565042117755196,-6.400233785387415,481.54761904761904,238.62912087912088,2.5199678875073417,2.5220554909280968,0.12134924490284227
29000,4.017380212992185,1.9826197870078153,80.34760425984369,39.65239574015631,22.587890625,19.736317121870943,7.879867850534875,-10.215274233595936,482.2765567765568,237.9001831501831,2.511676784684018,2.5220554909280968,0.004946913853761087
29033,4.015304096446428,1.9846959035535718,80.30608192892856,39.69391807107144,22.587890625,19.333953028961012,0.0,-14.00361671976382,483.55219780219784,237.35347985347983,2.5092109930982107,2.5212811194490103,-0.04152233091512961
29066,4.00574359956696,1.9942564004330396,80.11487199133921,39.88512800866079,22.587890625,18.801537559570242,0.0,-17.818693082249602,481.9120879120879,237.71794871794867,2.5082176666497165,2.5193873543174266,-0.19120993758935734
29100,3.9875243099027817,2.0124756900972183,79.75048619805564,40.24951380194436,22.587890625,18.145968220611792,0.0,-21.610012561164687,481.54761904761904,238.62912087912088,2.5082176666497165,2.5197907267448203,-0.3643857932835746
29133,3.9593548283110493,2.040645171688951,79.18709656622099,40.81290343377902,22.587890625,17.36267988213795,0.0,-25.408713240129902,482.8232600732601,239.54029304029305,2.507568923657754,2.5197907267448203,-0.5633896318346601
29166,3.9198624205360137,2.080137579463987,78.39724841072027,41.60275158927974,22.587890625,16.44925957202701,0.0,-29.22133193901967,481.1831501831502,238.81135531135533,2.506532025222207,2.521448631326221,-0.7898481555007284
29200,3.8677598939904074,2.132240106009593,77.35519787980814,42.64480212019186,22.587890625,15.416769263831522,0.0,-33.00486056940235,481.54761904761904,239.35805860805863,2.506385704073857,2.520363505122369,-1.0420505309121284
29233,3.8015465490744473,2.198453450925552,76.03093098148895,43.96906901851104,22.587890625,14.25232553062576,0.0,-36.808208417392436,479.3608058608059,244.64285714285714,2.506385704073857,2.5220534472621954,-1.3242668983191885
29266,3.74883766459218,2.2511623354078196,74.97675329184361,45.02324670815639,21.357421875,12.973213607020712,-36.90184872793922,-38.9823359465249,466.78663003662996,254.6657509157509,2.507455601846918,2.5220534472621954,-1.054177689645343
29300,3.7263976249869053,2.2736023750130947,74.5279524997381,45.472047500261894,18.6328125,11.675273030345451,-81.83089417804278,-38.9823359465249,454.94139194139194,265.0531135531136,2.5165938892309514,2.558910584460386,-0.4488007921054997
29333,3.6940877587210537,2.3059122412789463,73.88175517442107,46.11824482557893,16.69921875,10.373381555045565,-57.897299872278715,-38.9823359465249,448.5631868131868,273.0714285714285,2.563714496095928,2.5557860780000436,-0.6461973253170309
29366,3.629960630204624,2.370039369795376,72.59921260409249,47.400787395907514,16.259765625,9.07288190509816,-13.172559755931522,-38.9823359465249,442.5494505494505,279.0851648351648,2.563714496095928,2.579405486006483,-1.2825425703285835
29400,3.5640796040070093,2.4359203959929907,71.28159208014019,48.718407919859814,15.46875,7.772777808754522,-23.717821457082767,-38.9823359465249,437.6291208791209,283.82326007326,2.5658664940856855,2.579405486006483,-1.3176205239522996
29433,3.5050646678810047,2.494935332118995,70.1012933576201,49.8987066423799,14.0625,6.473069344297585,-42.17785097499215,-38.9823359465249,429.7930402930403,290.930402930403,2.570086402376918,2.5956286997188873,-1.1802987225200872
29466,3.4417368654150517,2.5582631345849483,68.83473730830103,51.16526269169897,12.744140625,5.174163642980172,-39.56617328138273,-38.9823359465249,423.23260073260064,297.4908424908425,2.5831091300132982,2.5963234435411726,-1.2665560493190602
29500,3.375419514579721,2.624580485420278,67.50839029159442,52.49160970840557,11.42578125,3.875624609572437,-39.57734556475474,-38.9823359465249,416.12545787545787,305.32692307692304,2.5831091300132982,2.606004229176299,-1.3263470167066
29533,3.3081089354285598,2.6918910645714402,66.16217870857119,53.83782129142881,10.01953125,2.57628070789493,-42.1896850048914,-38.9823359465249,408.65384615384613,313.89194139194143,2.5902671011012344,2.6144056188601676,-1.3462115830232309
29566,3.2386366179658133,2.7613633820341867,64.77273235931627,55.227267640683735,8.61328125,1.280444475796065,-42.3038873021867,-38.9823359465249,399.17765567765565,321.18131868131866,2.603146804987055,2.6144056188601676,-1.389446349254922
29600,3.16707640282927,2.83292359717073,63.3415280565854,56.6584719434146,7.20703125,-0.023354794567016945,-41.983558566525645,-38.31997289520167,390.4304029304029,329.0173992673992,2.6056848519899884,2.6229060775831923,-1.4312043027308585
29633,3.100226144222952,2.899773855777048,62.004522884459035,57.995477115540965,5.625,-1.23157575967305,-47.700104393278544,-34.53859568959146,382.2298534798535,337.9468864468864,2.6056848519899884,2.6295942030734527,-1.3370051721263703
29666,3.036176783775017,2.963823216224983,60.72353567550034,59.27646432449966,4.04296875,-2.3206019230511776,-47.41095165784491,-30.73415639548745,372.0247252747253,346.32967032967025,2.614614135337214,2.6330408027079373,-1.2809872089586973
29700,2.9723021774295115,3.0276978225704885,59.44604354859023,60.55395645140977,2.63671875,-3.281299739907372,-42.20788049531078,-26.935559012117352,366.1932234432235,355.441391941392,2.6183858258318877,2.6330408027079373,-1.277492126910107
29733,2.914353414168492,3.085646585831508,58.28706828336984,61.71293171663016,1.142578125,-4.116849879900475,-44.7639181719047,-23.13000706560686,359.63278388278394,363.09523809523813,2.619901086134169,2.6377211856845757,-1.1589752652203935
29766,2.858330123132658,3.141669876867342,57.16660246265315,62.83339753734685,-0.17578125,-4.824805876972036,-39.53260060153626,-19.3278268246287,348.33424908424905,369.4734432234432,2.619901086134169,2.638340766388994,-1.120465820716686
29800,2.8080983161216984,3.1919016838783016,56.16196632243396,63.83803367756604,-1.494140625,-5.406138468097193,-39.51930215285715,-15.524367130420123,343.23168498168496,376.3983516483516,2.6200956895379237,2.639906504165227,-1.0046361402191935
29833,2.7609997466297758,3.2390002533702242,55.21999493259551,64.78000506740449,-2.63671875,-5.85960530467483,-34.336329098919435,-11.730463319227434,336.3067765567765,383.68772893772893,2.6190509423415707,2.639906504165227,-0.941971389838452
29866,2.7188367753698066,3.281163224630194,54.37673550739613,65.62326449260388,-3.69140625,-6.187736698484762,-31.586055037155468,-7.923465004184193,330.11080586080584,388.0613553113553,2.6172018134970565,2.6406328225058093,-0.8432594251993845
29900,2.680272425272514,3.319727574727486,53.60544850545028,66.39455149454972,-4.5703125,-6.388727106106415,-26.32588797316431,-4.11707050168629,325.0082417582417,394.07509157509156,2.6172018134970565,2.639906504165227,-0.7712870019458398
29933,2.6472649530950862,3.3527350469049138,52.94529906190172,67.05470093809828,-5.361328125,-6.46258669682171,-23.80910761204915,-0.3291904518122338,321.72802197802196,401.3644688644688,2.6143903765650767,2.639914820762041,-0.6601494435485602
29966,2.6190564629355033,3.3809435370644967,52.38112925871006,67.61887074128994,-6.064453125,-6.4412738531565035,-21.0940451066182,1.4312813146786332,316.4432234432235,402.82234432234435,2.612411161701951,2.639914820762041,-0.564169803191663
30000,2.593604361768247,3.4063956382317535,51.87208723536494,68.12791276463507,-6.591796875,-6.367566679519991,-15.839259897600881,2.9964456833044686,313.34523809523813,406.10256410256414,2.60902131723616,2.6406644972133284,-0.5090420233451256
30033,2.574177988676075,3.4258220113239246,51.4835597735215,68.5164402264785,-7.119140625,-6.2411818233532035,-15.78028501854478,4.567459463346774,312.0695970695971,410.65842490842493,2.6081909347219603,2.6392946855375965,-0.38852746184343867
30066,2.5594889132595857,3.4405110867404147,51.18977826519171,68.8102217348083,-7.55859375,-6.062542166999875,-13.165974646570904,6.1365954295160705,308.06043956043953,413.0274725274725,2.6081909347219603,2.638218465351742,-0.29378150832978617
30100,2.5515287476662074,3.4484712523337926,51.03057495332415,68.96942504667585,-7.998046875,-5.832588932162787,-13.220531916752485,7.699256030291827,306.96703296703294,413.7564102564102,2.6060530280837986,2.638218465351742,-0.1592033118675629
30133,2.544912179466379,3.4550878205336204,50.898243589327585,69.10175641067241,-8.173828125,-5.549602917995375,-5.269567898155622,9.267445661539455,306.0558608058608,415.3965201465201,2.6039859286448253,2.637423934401966,-0.13233136399656306
30166,2.5422091045538266,3.457790895446174,50.84418209107653,69.15581790892347,-8.26171875,-5.214085394891233,-2.6331803350997487,10.836590324533066,305.32692307692304,414.66758241758237,2.60352558936421,2.6351641376270765,-0.054061498251052637
30200,2.5453131003186593,3.4546868996813407,50.90626200637318,69.09373799362682,-8.349609375,-4.827760113233356,-2.643187554951457,12.399794139480425,304.2335164835165,415.9432234432234,2.60352558936421,2.635297868135199,0.062079915296652716
30233,2.552838605357569,3.4471613946424315,51.056772107151374,68.94322789284863,-8.349609375,-4.3873109049349175,0.0,13.97021680124317,305.5091575091575,415.5787545787545,2.602191281261417,2.635297868135199,0.15051010077819402
30266,2.5666741221708405,3.4333258778291595,51.33348244341681,68.66651755658319,-8.349609375,-3.896888568897097,0.0,15.533113351030474,305.69139194139194,413.9386446886447,2.6024551760235797,2.635782817550241,0.2767103362654369
30300,2.5874777515406024,3.4125222484593976,51.74955503081205,68.25044496918795,-8.349609375,-3.351184205271496,0.0,17.10514567506777,305.87362637362634,413.7564102564102,2.6027709600060054,2.634133633803242,0.4160725873952317
30333,2.6158448832067616,3.384155116793238,52.31689766413523,67.68310233586476,-8.349609375,-2.7566998395973763,0.0,18.66764089063874,306.96703296703294,415.2142857142857,2.6027709600060054,2.6331463198461416,0.5673426333231856
30366,2.6524572095303953,3.347542790469605,53.04914419060791,66.9508558093921,-8.349609375,-2.1084553123889216,0.0,20.23438361221908,306.0558608058608,413.3919413919414,2.6032045246153093,2.6331463198461416,0.7322465264726772
30400,2.6980001568518355,3.3019998431481645,53.96000313703671,66.03999686296329,-8.349609375,-1.4078408480481621,0.0,21.801460677105435,307.33150183150184,413.3919413919414,2.6037653907446336,2.6328415583020024,0.9108589464287947
30433,2.753187138807464,3.246812861192536,55.063742776149276,64.93625722385073,-8.349609375,-0.6543803263830235,0.0,23.36976261797689,314.0741758241758,408.8360805860806,2.6128135195852455,2.6312935708392238,1.1037396391125658
30466,2.786065191053467,3.213934808946533,55.72130382106934,64.27869617893066,-6.943359375,0.14412886731893781,42.17150392575403,24.131038720895027,322.27472527472526,399.17765567765565,2.6128135195852455,2.6211033865454976,0.6575610449200647
30500,2.7949702318919374,3.205029768108062,55.89940463783875,64.10059536216124,-4.5703125,0.9485427621324476,71.18734074129802,24.131038720895027,331.021978021978,390.4304029304029,2.622030062779205,2.6211033865454976,0.1781008167694101
30533,2.8259721683698245,3.1740278316301755,56.51944336739649,63.48055663260351,-3.603515625,1.7526166023890921,29.014515406220482,24.131038720895027,336.67124542124543,385.5100732600733,2.611901775808035,2.6381971837991545,0.6200387295577414
30566,2.8760810558961856,3.1239189441038144,57.52162111792371,62.47837888207629,-3.427734375,2.5589708016450023,5.2604477710559125,24.131038720895027,339.40476190476187,379.8608058608059,2.6247533003417702,2.6413842651174435,1.0021777505272178
30600,2.9214967458551975,3.0785032541448025,58.42993491710395,61.57006508289605,-2.724609375,3.3603459953577137,21.172525346113932,24.131038720895027,344.14285714285717,376.5805860805861,2.6247533003417702,2.634549021104641,0.9083137991802381
30633,2.9642422508597326,3.0357577491402674,59.284845017194655,60.715154982805345,-1.7578125,4.164576204759581,29.00887401782194,24.131038720895027,349.4276556776556,371.478021978022,2.626789426235461,2.63510651586732,0.8549101000907077
30666,3.0102215681112687,2.9897784318887313,60.20443136222538,59.79556863777462,-0.87890625,4.970240449278721,26.324763566298227,24.131038720895027,354.8946886446886,364.5531135531136,2.6262345686502457,2.63510651586732,0.9195863450307225
30700,3.0560743413883857,2.9439256586116143,61.12148682776772,58.87851317223228,0.087890625,5.776750173157296,28.926883501999455,24.131038720895027,361.4551282051283,360.36172161172163,2.627359235938768,2.6354563497837575,0.9170554655423403
30733,3.1029742862970022,2.8970257137029978,62.05948572594005,57.94051427405995,1.0546875,6.58116049657095,29.00237869506851,24.131038720895027,367.4688644688645,354.71245421245413,2.627359235938768,2.635428116010121,0.9379988981723325
30766,3.154900489659534,2.845099510340466,63.098009793190684,56.901990206809316,1.845703125,7.38482005505883,23.751386360193234,24.131038720895027,371.29578754578756,348.69871794871796,2.6283202500615546,2.634797922398117,1.0385240672506337
30800,3.2051410284015676,2.7948589715984324,64.10282056803135,55.89717943196865,2.8125,8.18635835056997,29.106298422071006,24.131038720895027,378.22069597069594,342.68498168498166,2.628819803030465,2.634797922398117,1.0048107748406598
30833,3.2523653039139875,2.747634696086012,65.04730607827975,54.95269392172025,3.955078125,8.990966644994689,34.267105083394455,24.131038720895027,383.32326007326014,336.489010989011,2.6264365384678414,2.633345744209977,0.9444855102484039
30866,3.301054572977666,2.6989454270223336,66.02109145955332,53.978908540446675,5.009765625,9.796505311643433,31.59464089641493,24.131038720895027,390.2481684981685,329.1996336996337,2.6264365384678414,2.632708014719341,0.9737853812735767
30900,3.35172754885338,2.64827245114662,67.0345509770676,52.965449022932404,5.9765625,10.600159513119317,29.029665723169046,24.131038720895027,396.26190476190476,323.36813186813185,2.6257571727841325,2.62693063022273,1.0134595175142758
30933,3.401036523407506,2.5989634765924943,68.02073046815012,51.97926953184989,7.03125,11.404416121839779,31.645005617591366,24.131038720895027,403.1868131868132,318.26556776556777,2.6229422023914446,2.62693063022273,0.9861794910825186
30966,3.450099750255492,2.549900249744508,69.00199500510985,50.99800499489015,8.0859375,12.20857809607159,31.63525080391932,23.95155392295573,406.83150183150184,311.34065934065933,2.619265205903797,2.625238669787872,0.981264536959731
31000,3.4999115342151947,2.500088465784805,69.99823068430389,50.0017693156961,9.052734375,12.982204154863766,28.951202033173473,22.381662299365882,414.66758241758237,305.87362637362634,2.619265205903797,2.6194383950619957,0.9962356791940491
31033,3.546556654441787,2.453443345558213,70.93113308883574,49.068866911164264,10.107421875,13.701336140369353,31.677427520880965,20.816443962063246,419.9523809523809,301.13553113553115,2.6172018134970565,2.6090815260671496,0.9329024045318449
31066,3.5908407195354006,2.4091592804646,71.816814390708,48.183185609291996,11.162109375,14.368196164840786,31.685269226553253,19.251612996615535,425.2371794871795,294.02838827838826,2.6117813085167914,2.6090815260671496,0.8856813018722706
31100,3.6342947706085567,2.365705229391443,72.68589541217113,47.31410458782886,12.12890625,14.98552649962177,28.91916096338877,17.679982006965595,431.43315018315013,289.2902930402931,2.605829222666557,2.604765539537865,0.8690810214631389
31133,3.67688976427251,2.3231102357274906,73.53779528545019,46.46220471454981,13.0078125,15.547453274785099,26.430594230678494,16.11670241004848,436.9001831501831,283.6410256410256,2.600107238441457,2.5979520548910626,0.8518998732790536
31166,3.7169427785871765,2.2830572214128235,74.33885557174354,45.66114442825646,13.88671875,16.060357725954287,26.26975900483832,14.54385171554439,440.1804029304029,278.17399267399264,2.600107238441457,2.5882136523302033,0.8010602862933479
31200,3.7537370676809214,2.2462629323190786,75.07474135361842,44.92525864638158,14.765625,16.51889531136214,26.37573350173537,12.977320544288187,447.1053113553113,273.25366300366295,2.592076822534952,2.5882136523302033,0.7358857818748855
31233,3.788711070047026,2.211288929952974,75.77422140094052,44.225778599059474,15.556640625,16.92417706166165,23.804197490265018,11.415135226303772,450.9322344322344,268.8800366300366,2.5835723991133754,2.5817848397475074,0.6994800473221052
31266,3.8200417895367083,2.1799582104632917,76.40083579073416,43.59916420926583,16.34765625,17.27833587062508,23.74698905722177,9.849186476502812,453.6657509157509,264.87087912087907,2.576860419571677,2.5744074956853926,0.6266143897936527
31300,3.8511878017327272,2.148812198267272,77.02375603465455,42.97624396534544,16.962890625,17.581652203852318,18.381933331433377,8.275745556815002,459.6794871794871,260.6794871794871,2.576860419571677,2.564076465962654,0.622920243920398
31333,3.878874760350832,2.121125239649168,77.57749520701664,42.42250479298336,17.578125,17.83134298320187,18.461166366763536,6.7090576503173045,463.87087912087907,257.76373626373623,2.5676778513921152,2.564076465962654,0.5537391723620884
31366,3.9005690528334442,2.0994309471665558,78.01138105666888,41.98861894333112,18.28125,18.02892879192684,21.08540039202037,5.141398211007755,466.0576923076922,254.301282051282,2.560557216742412,2.5591546927904463,0.4338858496522393
31400,3.918969341077096,2.081030658922904,78.37938682154193,41.62061317845807,18.896484375,18.174205502157047,18.45484951837199,3.574174048174161,469.8846153846153,251.5677655677655,2.55176493626735,2.5519131691556627,0.3680057648730464
31433,3.938172648274309,2.061827351725691,78.76345296548618,41.23654703451382,19.248046875,18.266942164409034,10.59194467752886,2.013803032155798,472.25366300366306,249.56318681318677,2.55176493626735,2.544677207557347,0.38406614394425626
31466,3.953750759955359,2.0462492400446406,79.07501519910718,40.924984800892815,19.599609375,18.307963058681253,10.538767104261481,0.4455585387934811,473.52930402930406,246.8296703296703,2.543831254130778,2.544677207557347,0.31156223362100655
31500,3.9629251457111168,2.0370748542888832,79.25850291422233,40.74149708577766,20.0390625,18.293000115125874,13.19732041561966,-1.4335603989052905,474.44047619047626,245.5540293040293,2.5391384209519128,2.541255546537932,0.1834877151151574
31533,3.9702867859781215,2.0297132140218785,79.40573571956243,40.59426428043757,20.302734375,18.211324807036874,7.878838889376423,-3.447556281995354,477.5384615384616,244.8250915750916,2.530093184309791,2.536433106077111,0.14723280534009903
31566,3.9745114352736994,2.025488564726301,79.49022870547398,40.50977129452602,20.478515625,18.063151609420114,5.278637591854538,-5.451602314784803,477.5384615384616,242.82051282051282,2.530093184309791,2.5334587114242706,0.08449298591155616
31600,3.9736321218543136,2.0263678781456864,79.47264243708626,40.527357562913735,20.654296875,17.84762724733984,5.265589402091844,-7.460614396183857,477.3562271062271,243.00274725274727,2.5279500661733123,2.5334587114242706,-0.017586268387720788
31633,3.9710009469812344,2.0289990530187656,79.42001893962468,40.57998106037532,20.654296875,17.566907181960577,0.0,-9.457727435801447,477.5384615384616,243.731684981685,2.524327129803433,2.531717693240739,-0.05262349746158232
31666,3.9633055021083385,2.0366944978916615,79.26611004216677,40.73388995783323,20.654296875,17.21720987450975,0.0,-11.469029692506455,477.1739926739927,243.54945054945054,2.522465364263682,2.5313052888360645,-0.15390889745791053
31700,3.949885790101179,2.050114209898821,78.99771580202358,41.00228419797642,20.654296875,16.801627948654527,0.0,-13.474369609618625,477.3562271062271,244.46062271062272,2.522465364263682,2.53162437963569,-0.2683942401431976
31733,3.9300303171630526,2.0699696828369474,78.60060634326105,41.39939365673895,20.654296875,16.318520850663035,0.0,-15.482443293934592,476.6272893772894,245.18956043956044,2.522357026989771,2.531959154149016,-0.39710945876252624
31766,3.9030142094941054,2.0969857905058946,78.06028418988211,41.939715810117896,20.654296875,15.768950708447651,0.0,-17.48865474748738,476.6272893772894,244.27838827838826,2.52059381461679,2.531959154149016,-0.5403221533789446
31800,3.868100089650207,2.131899910349793,77.36200179300414,42.63799820699587,20.654296875,15.154125269192555,0.0,-19.489850022438425,475.71611721611725,244.27838827838826,2.519263437080719,2.532526216027308,-0.69828239687798
31833,3.8244735139343793,2.1755264860656207,76.48947027868759,43.51052972131241,20.654296875,14.470265646303304,0.0,-21.49801175076733,476.99175824175825,246.10073260073258,2.519263437080719,2.532774236959784,-0.8725315143165449
31866,3.774539155591333,2.225460844408667,75.49078311182666,44.50921688817334,20.56640625,13.751092320321499,-2.64127957949645,-21.615994747979492,470.613553113553,251.20329670329667,2.5196865072522976,2.5471899438131977,-0.9986871668609348
31900,3.7469629736886247,2.253037026311375,74.9392594737725,45.0607405262275,19.16015625,13.030465593616949,-42.18202224243749,-21.615994747979492,462.77747252747247,260.3150183150182,2.5169907500520194,2.5471899438131977,-0.5515236380541577
31933,3.7423518096100503,2.2576481903899492,74.847036192201,45.15296380779899,16.875,12.309004619206428,-68.46652452500561,-21.615994747979492,454.03021978021974,268.69780219780216,2.5445998835905153,2.5649554556143443,-0.09222328157148618
31966,3.718001538718197,2.281998461281803,74.36003077436393,45.639969225636065,15.908203125,11.586671417746462,-28.931628963093225,-21.615994747979492,449.83882783882785,272.8891941391941,2.5445998835905153,2.5620058106144468,-0.4870054178370701
32000,3.6736912522726106,2.3263087477273894,73.47382504545222,46.526174954547784,15.8203125,10.865860544452584,-2.6357028712884922,-21.615994747979492,446.558608058608,275.804945054945,2.568190174351462,2.5844424952995237,-0.8862057289117149
32033,3.6324153049986263,2.3675846950013737,72.64830609997253,47.35169390002747,15.29296875,10.146962665008187,-15.856299004789934,-21.615994747979492,443.0961538461538,279.2673992673992,2.564201609178826,2.5844424952995237,-0.8255189454796851
32066,3.5954638894850732,2.4045361105149268,71.90927778970146,48.09072221029854,14.4140625,9.425034958020722,-26.31625396848251,-21.615994747979492,436.7179487179487,282.9120879120878,2.568334240306581,2.5897589324556822,-0.7390283102710683
32100,3.555780097849196,2.4442199021508046,71.11560195698391,48.88439804301609,13.623046875,8.707480080301831,-23.82896434336302,-21.615994747979492,432.7087912087912,287.83241758241763,2.568334240306581,2.5914167036931435,-0.7936758327175564
32133,3.5145234316036134,2.485476568396386,70.29046863207228,49.709531367927724,12.83203125,7.985714882433308,-23.689961286668247,-21.615994747979492,427.78846153846155,294.39285714285717,2.576887154576651,2.5989083798101187,-0.8251333249116358
32166,3.473815746025623,2.5261842539743764,69.47631492051246,50.52368507948753,11.953125,7.2643472026524725,-26.33668435178351,-21.615994747979492,422.3214285714285,298.40201465201466,2.586151609630287,2.5989083798101187,-0.814153711559806
32200,3.4286176108965583,2.5713823891034417,68.57235221793117,51.42764778206883,11.25,6.546729150601264,-21.152992338378727,-21.287390566692537,417.40109890109886,302.77564102564105,2.5919281992845895,2.605376691500956,-0.9039627025812984
32233,3.3866222435183175,2.6133777564816825,67.73244487036635,52.26755512963365,10.37109375,5.868806401734405,-26.294486400570058,-19.275821950493974,412.6630036630036,310.06501831501834,2.5969529802334406,2.611833285038564,-0.8399073475648193
32266,3.347948532720238,2.652051467279762,66.95897065440475,53.04102934559524,9.404296875,5.259947518357036,-29.01574148232769,-17.27061798146468,407.37820512820514,309.7005494505495,2.5969529802334406,2.616287628056274,-0.7734742159615948
32300,3.3098573212076063,2.6901426787923937,66.19714642415212,53.80285357584787,8.525390625,4.716703628910681,-26.31596163676835,-15.260690913150942,402.6401098901099,318.0833333333333,2.604621114258472,2.616287628056274,-0.7618242302526217
32333,3.274451085076065,2.725548914923935,65.4890217015213,54.510978298478705,7.646484375,4.2426789133369285,-26.4408578135104,-13.26025794703817,397.7197802197802,324.6437728937729,2.607546278741591,2.6223361269007226,-0.7081247226308252
32366,3.240264760112034,2.759735239887966,64.80529520224067,55.19470479775932,6.85546875,3.8331749539398188,-23.671830784943594,-11.249266583814995,393.89285714285717,327.92399267399264,2.6107139792746863,2.6266318705085223,-0.6837264992806193
32400,3.209426013370377,2.7905739866296226,64.18852026740754,55.81147973259245,6.064453125,3.4919801506977732,-23.757225087189404,-9.24550364073157,387.87912087912093,331.2042124542124,2.6107139792746863,2.629063107605171,-0.6167749348331243
32433,3.1785658076431,2.8214341923569,63.571316152861996,56.428683847138004,5.44921875,3.217273731199614,-18.460345988182954,-7.239841636378365,384.5989010989011,337.0357142857143,2.6139538708030927,2.629063107605171,-0.6172041145455418
32466,3.1489800040511784,2.8510199959488216,62.97960008102356,57.02039991897644,4.921875,3.009233554347092,-15.80709776650902,-5.232142396312436,381.31868131868134,338.8580586080586,2.6166449514401737,2.634155011633792,-0.5917160718384352
32500,3.1226992980383295,2.8773007019616705,62.453985960766595,57.546014039233405,4.39453125,2.868692186482097,-15.88369862385251,-3.2341255033319634,377.3095238095238,343.4139194139194,2.6171444918443396,2.635367138428597,-0.5256141202569691
32533,3.1003144337184887,2.8996855662815113,62.00628867436978,57.99371132563022,3.8671875,2.794184315688358,-15.76724908456217,-1.2213521905452158,375.48717948717945,347.058608058608,2.6171444918443396,2.6369714512357016,-0.44769728639681416
32566,3.0821956183537442,2.9178043816462558,61.64391236707488,58.35608763292512,3.33984375,2.781790790754325,-15.818829168120391,0.0,371.29578754578756,349.2454212454212,2.6197931908476737,2.6369714512357016,-0.3623763072948942
32600,3.066027484952555,2.933972515047445,61.32054969905111,58.67945030094889,2.900390625,2.781790790754325,-13.226905782184893,0.0,369.4734432234432,351.4322344322344,2.621908894105213,2.6385159967594536,-0.32336266802377683
32633,3.0512473352731497,2.9487526647268503,61.02494670546299,58.97505329453701,2.548828125,2.781790790754325,-10.535082871148003,0.0,368.56227106227107,354.1657509157509,2.62166658195326,2.638891153401353,-0.29560299358812087
32666,3.039356174223859,2.960643825776141,60.78712348447718,59.21287651552282,2.197265625,2.781790790754325,-10.552791421568847,0.0,364.9175824175824,354.8946886446886,2.62166658195326,2.6395194611291326,-0.23782322098580994
32700,3.0284635490787104,2.9715364509212896,60.56927098157421,59.43072901842579,1.93359375,2.781790790754325,-7.885768250012384,0.0,365.2820512820513,356.8992673992675,2.6232943861217377,2.6395194611291326,-0.21785250290296485
32733,3.0200361474152944,2.9799638525847056,60.400722948305884,59.599277051694116,1.669921875,2.781790790754325,-7.937807284459895,0.0,363.2774725274726,358.7216117216118,2.6221607726131952,2.6403832399109874,-0.16854803326832735
32766,3.0121305900032085,2.9878694099967915,60.242611800064175,59.757388199935825,1.494140625,2.781790790754325,-5.271300146100983,0.0,362.00183150183153,358.9038461538462,2.622748871108729,2.640240803952008,-0.15811114824170638
32800,3.006155681361104,2.993844318638896,60.12311362722209,59.87688637277791,1.318359375,2.781790790754325,-5.277228924770746,0.0,364.0064102564103,359.63278388278394,2.622748871108729,2.6410002549550593,-0.11949817284208536
32833,3.0021734468226167,2.9978265531773833,60.04346893645234,59.95653106354766,1.142578125,2.781790790754325,-5.255074535600123,0.0,361.8195970695971,361.0906593406594,2.6237466784371226,2.641551474418571,-0.07964469076974487
32866,2.99826242668966,3.00173757331034,59.96524853379321,60.03475146620679,1.0546875,2.781790790754325,-2.6436822355253153,0.0,359.8150183150184,360.5439560439561,2.6235925765798997,2.641551474418571,-0.0782204026591338
32900,2.995763790968115,3.004236209031885,59.91527581936231,60.08472418063769,0.966796875,2.781790790754325,-2.638775834116726,0.0,359.4505494505495,361.8195970695971,2.6232289153343173,2.6414689630411607,-0.04997271443089922
32933,2.994715734237589,3.005284265762411,59.894314684751784,60.105685315248216,0.87890625,2.781790790754325,-2.6345046069683615,0.0,360.17948717948724,362.00183150183153,2.6232289153343173,2.6418247388109886,-0.020961134610523416
32966,2.993143770712369,3.006856229287631,59.86287541424738,60.13712458575262,0.87890625,2.781790790754325,0.0,0.0,358.9038461538462,360.72619047619054,2.623790916562759,2.6415232886814466,-0.031439270504409256
33000,2.9923637392093956,3.0076362607906044,59.84727478418792,60.15272521581208,0.87890625,2.781790790754325,0.0,0.0,358.17490842490844,361.6373626373627,2.6231633024788414,2.6415232886814466,-0.015600630059458165
33033,2.9943888113194386,3.0056111886805614,59.88777622638877,60.11222377361123,0.791015625,2.781790790754325,-2.626265111846035,0.0,359.2683150183151,362.7307692307692,2.623038731540419,2.641988630153941,0.040501442200856524
33066,2.995929449209423,3.004070550790577,59.91858898418845,60.08141101581155,0.791015625,2.781790790754325,0.0,0.0,358.17490842490844,361.6373626373627,2.623038731540419,2.6417070152263613,0.03081275779967757
33100,2.9982997019881505,3.0017002980118495,59.96599403976301,60.03400596023699,0.791015625,2.781790790754325,0.0,0.0,360.17948717948724,362.00183150183153,2.6238400713479066,2.641551474418571,0.047405055574561095
33133,3.0014967429539836,2.9985032570460164,60.029934859079674,59.970065140920326,0.791015625,2.781790790754325,0.0,0.0,360.36172161172163,362.184065934066,2.6231599785450705,2.641551474418571,0.06394081931665976
33166,3.0055239218847714,2.9944760781152286,60.11047843769543,59.88952156230457,0.791015625,2.781790790754325,0.0,0.0,359.63278388278394,361.0906593406594,2.623322280601362,2.6421840927099365,0.0805435786157564
33200,3.010380407407829,2.989619592592171,60.20760814815658,59.79239185184342,0.791015625,2.781790790754325,0.0,0.0,360.17948717948724,360.36172161172163,2.623322280601362,2.6414124486294637,0.09712971046115174
33233,3.0160686645010615,2.9839313354989385,60.321373290021235,59.678626709978765,0.791015625,2.781790790754325,0.0,0.0,360.36172161172163,361.2728937728938,2.6243335751844534,2.641298257084562,0.1137651418646525
33266,3.0225867673880646,2.9774132326119354,60.451735347761286,59.548264652238714,0.791015625,2.781790790754325,0.0,0.0,360.17948717948724,360.17948717948724,2.624017040012226,2.641298257084562,0.1303620577400484
33300,3.029931600406205,2.970068399593795,60.5986320081241,59.4013679918759,0.791015625,2.781790790754325,0.0,0.0,361.0906593406594,359.63278388278394,2.6242482539906122,2.642164077983576,0.1468966603628157
33333,3.038108768582895,2.961891231417105,60.76217537165789,59.23782462834211,0.791015625,2.781790790754325,0.0,0.0,360.17948717948724,360.72619047619054,2.6250812535606003,2.641322934681221,0.16354336353379048
33366,3.0471161106331626,2.9528838893668374,60.94232221266324,59.05767778733676,0.791015625,2.781790790754325,0.0,0.0,359.8150183150184,359.4505494505495,2.6250812535606003,2.641102746812507,0.18014684100535458
33400,3.0569492533465006,2.9430507466534994,61.13898506693002,58.86101493306998,0.791015625,2.781790790754325,0.0,0.0,360.17948717948724,359.9972527472528,2.6250369827977207,2.641102746812507,0.19666285426677882
33433,3.0676114607231586,2.9323885392768414,61.35222921446317,58.64777078553683,0.791015625,2.781790790754325,0.0,0.0,359.8150183150184,360.72619047619054,2.6253207112466117,2.6418742551758063,0.21324414753315427
33466,3.0791050069501176,2.9208949930498824,61.58210013900235,58.41789986099765,0.791015625,2.781790790754325,0.0,0.0,359.63278388278394,359.4505494505495,2.6254978297304197,2.640967260270462,0.22987092453917785
33500,3.0914263787073124,2.9085736212926876,61.82852757414624,58.17147242585376,0.791015625,2.781790790754325,0.0,0.0,363.09523809523813,358.7216117216118,2.6254978297304197,2.64081660213502,0.24642743514388993
33533,3.090519338785278,2.909480661214722,61.81038677570556,58.18961322429444,1.40625,2.781790790754325,18.3794314514597,0.0,366.7399267399268,353.9835164835164,2.6295496730517467,2.64081660213502,-0.01814079844068628
33566,3.081211327629843,2.918788672370157,61.62422655259686,58.37577344740314,2.197265625,2.781790790754325,23.801784371502468,0.0,369.65567765567766,351.79670329670324,2.6275940792854238,2.637732843621589,-0.18616022310870103
33600,3.0800176879430534,2.9199823120569466,61.60035375886107,58.39964624113893,2.373046875,2.781790790754325,5.276730073985975,0.0,370.38461538461536,349.6098901098901,2.625442116510406,2.637879885987022,-0.02387279373579191
33633,3.081633175787064,2.918366824212936,61.632663515741285,58.367336484258715,2.373046875,2.781790790754325,0.0,0.0,371.1135531135531,350.15659340659334,2.625442116510406,2.637493288540099,0.032309756880215236
33666,3.0834184566864824,2.9165815433135176,61.668369133729655,58.331630866270345,2.373046875,2.781790790754325,0.0,0.0,372.93589743589746,349.06318681318675,2.6271868540150485,2.637493288540099,0.0357056179883707
33700,3.0833608957577803,2.9166391042422197,61.667217915155604,58.332782084844396,2.4609375,2.781790790754325,2.6348878189987452,0.0,372.38919413919416,349.7921245421245,2.6274051590272633,2.6384582650253123,-0.0011512185740525233
33733,3.084754525674814,2.915245474325186,61.69509051349628,58.30490948650372,2.4609375,2.781790790754325,0.0,0.0,372.0247252747253,350.52106227106225,2.6272672485154174,2.6375378747877707,0.027872598340681242
33766,3.0862822926776503,2.9137177073223497,61.72564585355301,58.27435414644699,2.4609375,2.781790790754325,0.0,0.0,371.8424908424908,350.52106227106225,2.6272672485154174,2.637362741845913,0.03055534005673099
33800,3.0879433654434605,2.9120566345565395,61.75886730886921,58.24113269113079,2.4609375,2.781790790754325,0.0,0.0,371.8424908424908,349.7921245421245,2.628090236846187,2.637362741845913,0.03322145531620446
33833,3.089738315788933,2.910261684211067,61.79476631577866,58.20523368422134,2.4609375,2.781790790754325,0.0,0.0,371.8424908424908,349.2454212454212,2.627648267230005,2.637904661431344,0.0358990069094495
33866,3.0916667195500507,2.9083332804499493,61.83333439100102,58.16666560899898,2.4609375,2.781790790754325,0.0,0.0,372.57142857142856,351.6144688644688,2.6275103375771183,2.6373497751253483,0.03856807522235568
33900,3.093728606510001,2.906271393489999,61.87457213020002,58.12542786979998,2.4609375,2.781790790754325,0.0,0.0,371.6602564102564,349.06318681318675,2.6275103375771183,2.6374156295730287,0.04123773919900601
33933,3.095924629665399,2.904075370334601,61.91849259330798,58.08150740669202,2.4609375,2.781790790754325,0.0,0.0,372.2069597069597,350.3388278388278,2.628231545736147,2.637280426647729,0.0439204631079594
33966,3.098254355936496,2.901745644063504,61.965087118729926,58.034912881270074,2.4609375,2.781790790754325,0.0,0.0,370.93131868131866,349.06318681318675,2.627667972352724,2.637280426647729,0.0465945254219453
34000,3.100717828698639,2.899282171301361,62.014356573972776,57.985643426027224,2.4609375,2.781790790754325,0.0,0.0,371.478021978022,348.33424908424905,2.6275678552403496,2.6373016971084478,0.049269455242851624
34033,3.103314513269888,2.896685486730112,62.06629026539776,57.93370973460224,2.4609375,2.781790790754325,0.0,0.0,371.6602564102564,348.51648351648345,2.6275678552403496,2.637199280746688,0.051933691424983455
34066,3.1040305439297544,2.8959694560702456,62.08061087859509,57.91938912140491,2.548828125,2.781790790754325,2.6370589571221217,0.0,371.478021978022,347.78754578754575,2.6277812811100216,2.63704894491711,0.014320613197328178
34100,3.104175566753499,2.895824433246501,62.08351133506998,57.91648866493002,2.63671875,2.781855425797271,2.6272114759016576,0.04414178585262276,372.57142857142856,346.51190476190476,2.626996384477377,2.63704894491711,0.002900456474892295
34133,3.1040046419425984,2.8959953580574016,62.08009283885197,57.91990716114803,2.724609375,2.7916483435160653,2.644334698308905,0.5451304402009195,374.75824175824175,348.69871794871796,2.6271096497972537,2.637268626023658,-0.003418496218009281
34166,3.1056473859323597,2.8943526140676403,62.11294771864719,57.88705228135281,2.724609375,2.8183291073368837,0.0,1.0495186147878683,374.21153846153845,346.69413919413915,2.6271096497972537,2.6370605983977495,0.03285487979522183
34200,3.1058996102315253,2.8941003897684747,62.117992204630504,57.882007795369496,2.8125,2.8614324375232427,2.6497676367771836,1.5494800694320845,374.21153846153845,347.058608058608,2.6281542954641286,2.6368575475513736,0.005044485983314924
34233,3.1082271125020675,2.8917728874979325,62.16454225004134,57.83545774995866,2.8125,2.921749805059419,0.0,2.054075091806861,374.5760073260073,347.78754578754575,2.62740023346486,2.6368575475513736,0.046550045410842525
34266,3.111458087067265,2.888541912932735,62.229161741345294,57.770838258654706,2.8125,2.9984563782963027,0.0,2.555705738430325,374.3937728937729,346.8763736263736,2.6274660053522427,2.6377130251746514,0.06461949130394995
34300,3.113747682584103,2.886252317415897,62.27495365168206,57.72504634831794,2.900390625,3.0921602700214805,2.6331087841462693,3.0588302922386177,374.21153846153845,346.14743589743586,2.6274660053522427,2.637093665569636,0.04579191033676477
34333,3.1185544895906525,2.8814455104093475,62.371089791813056,57.628910208186944,2.900390625,3.2021391453163286,0.0,3.5597586542801687,374.029304029304,347.058608058608,2.628471434611772,2.6369666444093336,0.09613614013099206
34366,3.122737985839086,2.877262014160914,62.454759716781716,57.545240283218284,2.98828125,3.3295725560692104,2.628937410862633,4.063681523146639,373.11813186813185,345.782967032967,2.6276844900528373,2.6369666444093336,0.08366992496866121
34400,3.1297613693976705,2.8702386306023295,62.595227387953415,57.404772612046585,2.98828125,3.4727913892417632,0.0,4.564099360292488,374.029304029304,345.4184981684981,2.627659858451819,2.6376072334202756,0.1404676711716999
34433,3.1344816571034135,2.8655183428965865,62.689633142068274,57.310366857931726,3.1640625,3.6333561743396547,5.271745322533167,5.066696356581264,376.3983516483516,346.14743589743586,2.628178934017746,2.637022870533965,0.09440575411486023
34466,3.1416806963736117,2.8583193036263883,62.83361392747223,57.16638607252777,3.251953125,3.811014273027197,2.631130807064438,5.570199138957314,375.6694139194139,343.77838827838826,2.628178934017746,2.636832786857438,0.14398078540395232
34500,3.148189457530908,2.851810542469092,62.96378915061816,57.03621084938184,3.427734375,4.005151787834961,5.271086595004637,6.072858944777151,376.3983516483516,343.77838827838826,2.6272786923569327,2.636832786857438,0.1301752231459305
34533,3.155474296998612,2.844525703001388,63.10948593997224,56.89051406002776,3.603515625,4.216322802935012,5.264587833297485,6.576139248611501,378.4029304029304,343.96062271062266,2.627360829464261,2.6375941191833845,0.14569678935407898
34566,3.16365593469462,2.83634406530538,63.2731186938924,56.7268813061076,3.779296875,4.443180857090356,5.289591807853969,7.077040539401181,378.4029304029304,341.59157509157507,2.62740023346486,2.6365273850978608,0.16363275392015855
34600,3.172927747219826,2.827072252780174,63.458554944396525,56.541445055603475,3.955078125,4.688041451477218,5.261249657174199,7.580640166286716,379.3141025641026,339.5869963369963,2.62740023346486,2.635753268483646,0.185436250504123
34633,3.1834287610711662,2.8165712389288338,63.668575221423325,56.331424778576675,4.130859375,4.949281190055246,5.269959853392905,8.083407443080814,381.13644688644695,340.315934065934,2.6270357802795514,2.635753268483646,0.21002027702680195
34666,3.1933169112276123,2.8066830887723877,63.86633822455225,56.13366177544775,4.39453125,5.227227763305586,7.906682765691815,8.586063887538419,381.86538461538464,337.76465201465203,2.6272392910904805,2.6358144050329932,0.19776300312892686
34700,3.2037635517514893,2.7962364482485107,64.07527103502979,55.92472896497021,4.658203125,5.5148632402155435,7.925783993044663,8.650215998475428,382.2298534798535,337.5824175824176,2.6265858228903936,2.6341022219529404,0.20893281047754036
34733,3.216770549374213,2.7832294506257864,64.33541098748427,55.66458901251573,4.833984375,5.802454376427036,5.287178878363663,8.650215998475428,384.4166666666667,336.12454212454213,2.6265858228903936,2.63350870178008,0.26013995245448507
34766,3.229064603180246,2.770935396819754,64.58129206360492,55.41870793639508,5.09765625,6.0907828657424385,7.910486670562799,8.650215998475428,384.5989010989011,334.11996336996333,2.6267041300609395,2.63350870178008,0.24588107612065513
34800,3.2399557473324205,2.760044252667579,64.79911494664842,55.20088505335158,5.44921875,6.379195608136065,10.544234407693212,8.650215998475428,386.23901098901104,332.29761904761904,2.626113253179122,2.633077137094625,0.2178228830435015
34833,3.250749021167272,2.749250978832728,65.01498042334543,54.985019576654565,5.80078125,6.668136662466553,10.52495488746171,8.650215998475428,388.4258241758242,331.7509157509157,2.6251337722904275,2.6315010616253858,0.21586547669701664
34866,3.263409611840769,2.736590388159231,65.26819223681538,54.73180776318462,6.064453125,6.956617966494512,7.906296316699843,8.650215998475428,390.2481684981685,329.9285714285714,2.6251337722904275,2.631193101265187,0.25321181346994687
34900,3.2766304699343185,2.7233695300656815,65.53260939868638,54.467390601313625,6.328125,7.244748140954617,7.915931317317859,8.650215998475428,391.88827838827837,329.3818681318681,2.624987794374648,2.631193101265187,0.2644171618709953
34933,3.290419078534153,2.709580921465847,65.80838157068305,54.19161842931695,6.591796875,7.532551847583962,7.924910690641066,8.650215998475428,393.71062271062266,328.2884615384615,2.6241023499301646,2.63080318283297,0.27577217199667975
34966,3.3027931490527793,2.6972068509472207,66.05586298105558,53.94413701894442,6.943359375,7.821073357799785,10.540259406271595,8.650215998475428,394.8040293040293,325.55494505494505,2.6236778657987894,2.6287951554643283,0.2474814103725293
35000,3.315034050508408,2.6849659494915916,66.30068101016816,53.69931898983183,7.294921875,8.109594072188418,10.540288479487524,8.650215998475428,396.26190476190476,325.19047619047615,2.6236778657987894,2.628134584870694,0.24481802911258377
35033,3.3291168361021852,2.6708831638978148,66.5823367220437,53.417663277956294,7.55859375,8.397588083602683,7.919673955275968,8.650215998475428,398.44871794871796,322.27472527472526,2.6224295889659266,2.6266958758129197,0.281655711875542
35066,3.341739098033344,2.658260901966656,66.83478196066689,53.16521803933311,7.91015625,8.686075157306968,10.541517590078673,8.650215998475428,398.8131868131868,320.4523809523809,2.6219972785308228,2.6266958758129197,0.25244523862318374
35100,3.354186980525566,2.6458130194744336,67.08373961051132,52.91626038948868,8.26171875,8.97461798164989,10.53948081671851,8.650215998475428,402.4578754578755,319.54120879120876,2.620943166724586,2.625683215575157,0.248957649844434
35133,3.3684436227049184,2.6315563772950816,67.36887245409837,52.63112754590163,8.525390625,9.263036173708503,7.908026380698985,8.650215998475428,404.09798534798534,316.80769230769226,2.620943166724586,2.624094107942987,0.28513284358705443
35166,3.381193633580563,2.618806366419437,67.62387267161125,52.37612732838875,8.876953125,9.55159564971814,10.53887262348111,8.650215998475428,405.191391941392,316.07875457875457,2.6209708793725515,2.6223247153370535,0.25500021751288315
35200,3.393724760361043,2.6062752396389572,67.87449520722086,52.12550479277915,9.228515625,9.840103224445684,10.540768521713519,8.650215998475428,406.64926739926744,314.2564102564103,2.6193811441225034,2.6223247153370535,0.25062253560960124
35233,3.4080021843476964,2.5919978156523036,68.16004368695393,51.83995631304607,9.4921875,10.127596967886399,7.9334549829720125,8.650215998475428,407.1959706959707,314.0741758241758,2.6182699536878666,2.621936622071365,0.28554847973306374
35266,3.4205740338538018,2.5794259661461982,68.41148067707603,51.58851932292397,9.84375,10.413453412580362,10.506420762427352,8.321042800021765,407.0137362637363,310.97619047619054,2.6182699536878666,2.6199093083745035,0.2514369901221061
35300,3.4324413691563507,2.5675586308436498,68.64882738312701,51.351172616872994,10.1953125,10.681848515663116,10.571172098561268,7.819761893874153,412.1163003663004,308.97161172161174,2.6185181370137314,2.6180559563304855,0.23734670605097735
35333,3.4455060941892977,2.5544939058107023,68.91012188378595,51.08987811621405,10.458984375,10.934364453839601,7.902667209004927,7.316850036225866,412.6630036630036,308.4249084249084,2.6165700831064744,2.6180559563304855,0.261294500658933
35366,3.4582823962099702,2.5417176037900298,69.1656479241994,50.834352075800595,10.72265625,11.169539461921916,7.922225284467888,6.815179747418394,414.12087912087907,306.6025641025641,2.6159581549657034,2.6164657047349427,0.2555260404134527
35400,3.4686397476046205,2.5313602523953795,69.3727949520924,50.627205047907594,11.07421875,11.38862970847844,10.532283048457241,6.312047928397887,415.2142857142857,304.2335164835165,2.6159581549657034,2.6139313008495324,0.20714702789300493
35433,3.4796941071183283,2.5203058928816713,69.59388214236657,50.406117857633426,11.337890625,11.590446372067257,7.918784161008635,5.810159637765321,417.94780219780216,303.6868131868132,2.61530227286143,2.612118178393789,0.22108719027416934
35466,3.4899898040147663,2.510010195985234,69.79979608029532,50.200203919704684,11.6015625,11.77586304281676,7.904856596967322,5.307387070331067,417.5833333333333,302.77564102564105,2.613564472275659,2.612118178393789,0.20591393792875037
35500,3.4993404580932417,2.5006595419067583,69.98680916186484,50.013190838135166,11.865234375,11.944061253095496,7.927019716337962,4.8060202024947785,419.4056776556776,301.31776556776555,2.612359167929347,2.6117537414885192,0.1870130815695126
35533,3.5096193708159262,2.4903806291840738,70.19238741631852,49.807612583681475,12.041015625,12.096272457214702,5.259340049723274,4.302237724226619,421.41025641025635,300.4065934065934,2.611600694988524,2.60966350882824,0.20557825445368777
35566,3.5173166218892895,2.482683378110711,70.34633243778579,49.65366756221422,12.3046875,12.231044776541442,7.926530003197248,3.800839881178808,422.50366300366295,298.7664835164835,2.611600694988524,2.6086280041567584,0.1539450214672609
35600,3.525601764936354,2.474398235063647,70.51203529872707,49.48796470127294,12.48046875,12.349301788104952,5.276495493021155,3.2986953483522443,422.8681318681318,297.30860805860806,2.6108424088205564,2.6086280041567584,0.16570286094127587
35633,3.5310006428588854,2.4689993571411146,70.62001285717771,49.37998714282229,12.744140625,12.451309839349847,7.87419825091259,2.793965226019313,424.14377289377285,296.9441391941392,2.6098389017503587,2.6084914260709273,0.10797755845064408
35666,3.5386157260599886,2.4613842739400114,70.77231452119977,49.227685478800225,12.83203125,12.535846321858239,2.6443936531114605,2.292987740842885,423.41483516483515,295.8507326007326,2.609147758188493,2.6064977193999215,0.15230166402206427
35700,3.5436841379228974,2.4563158620771026,70.87368275845795,49.126317241542054,13.0078125,12.603800737689433,5.282691560459429,1.7914321731969585,426.5128205128205,294.9395604395604,2.609147758188493,2.604689321532134,0.10136823725817054
35733,3.5473536899344644,2.4526463100655356,70.94707379868929,49.05292620131071,13.18359375,12.655162237191377,5.270858363612858,1.28875060190001,425.7838827838828,295.8507326007326,2.6078384931671543,2.604689321532134,0.07339104023134391
35766,3.551450291243518,2.448549708756482,71.02900582487037,48.97099417512963,13.271484375,12.689832887778621,2.6280639836562676,0.7846602561584275,427.970695970696,295.1217948717949,2.607595120969329,2.604621114258472,0.08193202618107447
35800,3.554490592401761,2.4455094075982386,71.08981184803523,48.910188151964775,13.359375,12.707577972831439,2.6469052057912186,0.2841581304103008,426.87728937728934,293.84615384615387,2.607090149999703,2.603672924667072,0.060806023164859974
35833,3.556277740231618,2.443722259768382,71.12555480463236,48.87444519536764,13.447265625,12.708012135948147,2.6313919443201197,-0.3085232078555582,427.970695970696,293.84615384615387,2.607090149999703,2.6025040180925822,0.035742956597131614
35866,3.5585461475022093,2.4414538524977907,71.17092295004419,48.82907704995581,13.447265625,12.686008296368037,0.0,-1.0141101007425928,427.24175824175825,292.75274725274727,2.606402101878009,2.6025040180925822,0.04536814541182809
35900,3.557769458636849,2.442230541363151,71.15538917273697,48.844610827263025,13.53515625,12.640174991784084,2.6253585607343832,-1.7240399250703025,427.970695970696,293.6639194139195,2.60586785709264,2.6032045246153093,-0.015533777307213191
35933,3.557037595646029,2.4429624043539704,71.14075191292059,48.85924808707941,13.53515625,12.571315209875545,0.0,-2.4275117182192347,427.970695970696,293.84615384615387,2.6056217561856294,2.601633064785834,-0.01463725981638635
35966,3.554816434143977,2.4451835658560226,71.09632868287954,48.903671317120455,13.53515625,12.478591090094241,0.0,-3.134557911181725,427.42399267399264,292.9349816849817,2.6056217561856294,2.601760967580683,-0.04442323004104381
36000,3.5508775458807462,2.4491224541192533,71.01755091761493,48.98244908238507,13.53515625,12.362075346529192,0.0,-3.842804986365379,426.14835164835165,293.1172161172161,2.6057529579697776,2.601760967580683,-0.07877776526461053
36033,3.5449924587177115,2.4550075412822885,70.89984917435423,49.10015082564577,13.53515625,12.222443299049646,0.0,-4.548545029930936,428.1529304029304,293.84615384615387,2.6054336269725114,2.6021720048082098,-0.11770174326069399
36066,3.5369077837302303,2.46309221626977,70.7381556746046,49.26184432539541,13.53515625,12.058626674479036,0.0,-5.257099615218113,427.24175824175825,292.9349816849817,2.605084747714567,2.601769104573114,-0.1616934997496373
36100,3.526375462750276,2.473624537249724,70.52750925500553,49.472490744994474,13.53515625,11.871727802325264,0.0,-5.963547710424268,424.8727106227106,294.2106227106227,2.605084747714567,2.601845194437453,-0.2106464195990702
36133,3.513125543201396,2.4868744567986045,70.26251086402792,49.73748913597209,13.53515625,11.660847815471584,0.0,-6.671416616604216,427.42399267399264,294.02838827838826,2.605008515697991,2.6019842490793392,-0.2649983909776148
36166,3.4968985879409225,2.5031014120590775,69.93797175881845,50.06202824118155,13.53515625,11.427548123692464,0.0,-7.375809689040431,427.24175824175825,293.84615384615387,2.6046567189790277,2.6019842490793392,-0.32453910520946533
36200,3.4773872640248378,2.5226127359751622,69.54774528049676,50.452254719503244,13.53515625,11.168890012863786,0.0,-8.085347581488147,428.6996336996337,294.02838827838826,2.604225793629819,2.602090617700479,-0.39022647832169066
36233,3.454322969934247,2.545677030065753,69.08645939868494,50.91354060131506,13.53515625,10.888630210045704,0.0,-8.789726912340774,426.69505494505495,294.9395604395604,2.604225793629819,2.6021283123072543,-0.46128588181181573
36266,3.4273891200601305,2.5726108799398695,68.54778240120261,51.45221759879739,13.53515625,10.583809973219797,0.0,-9.49670556385499,424.3260073260073,297.4908424908425,2.6045174500527297,2.6102682085722146,-0.5386769974823242
36300,3.4143720242891327,2.5856279757108673,68.28744048578265,51.71255951421735,12.744140625,10.25487011572095,-23.68855587924396,-10.204827374314211,417.5833333333333,303.8690476190476,2.600356980258716,2.6102682085722146,-0.26034191541995577
36333,3.4195354802098477,2.5804645197901515,68.39070960419696,51.609290395803036,11.25,9.902385280131831,-44.757436179306076,-10.912753218949158,413.3919413919414,307.8782051282051,2.6081634245179237,2.6193420645842806,0.10326911841430794
36366,3.4084927794221973,2.5915072205778027,68.16985558844394,51.830144411556056,10.810546875,9.52646804386711,-13.170753582116205,-11.620313469848613,409.9294871794872,310.79395604395603,2.6081634245179237,2.613452081797366,-0.2208540157530141
36400,3.3868346902642825,2.6131653097357175,67.73669380528565,52.263306194714346,10.810546875,9.129078993648061,0.0,-12.324197976784477,409.7472527472528,312.79853479853483,2.6158486322622756,2.6209822821001247,-0.4331617831582852
36433,3.3647971707979876,2.6352028292020115,67.29594341595975,52.70405658404024,10.634765625,8.70599751612481,-5.267450831438899,-13.031872486319584,409.20054945054943,314.0741758241758,2.612761513800287,2.6209822821001247,-0.4407503893258944
36466,3.3459069736403926,2.6540930263596074,66.91813947280785,53.08186052719215,10.1953125,8.26960839038952,-13.179816678355536,-13.090340389922652,404.64468864468864,315.8965201465201,2.6114251244387687,2.624830256054443,-0.37780394315190385
36500,3.3282416720919423,2.6717583279080577,66.56483344183884,53.43516655816115,9.66796875,7.832781846575449,-15.80286108468821,-13.090340389922652,403.7335164835165,318.4478021978022,2.6114251244387687,2.6239778566814738,-0.3533060309690021
36533,3.3065008822574566,2.6934991177425434,66.13001764514914,53.86998235485086,9.31640625,7.395903661337243,-10.533995399250557,-13.090340389922652,401.3644688644688,322.0924908424908,2.614214524631307,2.6248860944608876,-0.43481579668970316
36566,3.2853224963234315,2.7146775036765685,65.70644992646864,54.29355007353137,8.876953125,6.960089917175317,-13.199654826690967,-13.090340389922652,397.3553113553113,323.36813186813185,2.615269614711888,2.6248860944608876,-0.42356771868050735
36600,3.263374915718211,2.7366250842817887,65.26749831436422,54.732501685635775,8.4375,6.524264784406729,-13.199309904689938,-13.090340389922652,395.16849816849816,325.0082417582417,2.6151048946034137,2.628847785687481,-0.43895161210441214
36633,3.2386390731382,2.7613609268618,64.772781462764,55.227218537236,8.0859375,6.088208868913228,-10.553859332750582,-13.090340389922652,392.6172161172161,328.65293040293034,2.616968361966689,2.629276860708207,-0.49471685160021445
36666,3.2124073351361164,2.7875926648638836,64.24814670272232,55.75185329727767,7.734375,5.652372085710128,-10.559165657175882,-13.090340389922652,388.4258241758242,330.65750915750914,2.616968361966689,2.631334805682471,-0.5246347600416726
36700,3.186633759629947,2.813366240370053,63.73267519259894,56.26732480740106,7.294921875,5.215580938183118,-13.17011808557659,-13.090340389922652,387.1501831501832,334.48443223443223,2.6176637680085495,2.631334805682471,-0.5154715101233838
36733,3.164010142823242,2.835989857176758,63.28020285646484,56.71979714353516,6.6796875,4.777830556705636,-18.397762124498847,-13.090340389922652,383.68772893772893,338.1291208791209,2.617899185693099,2.633670365982916,-0.4524723361341038
36766,3.1420427759424263,2.8579572240575737,62.84085551884852,57.15914448115148,6.064453125,4.341578521722976,-18.460950878203782,-13.090340389922652,380.58974358974365,339.7692307692308,2.619204644223454,2.635774666033963,-0.4393473376163201
36800,3.120825425295367,2.879174574704633,62.41650850590734,57.58349149409266,5.44921875,3.9069850852613985,-18.531405936323424,-13.090340389922652,376.3983516483516,343.23168498168496,2.619204644223454,2.637272122496607,-0.4243470129411858
36833,3.0983152789025996,2.9016847210974004,61.966305578051994,58.033694421948006,4.921875,3.4700909036178205,-15.800414562695883,-13.090340389922652,375.85164835164835,346.69413919413915,2.621097035209897,2.637272122496607,-0.45020292785534427
36866,3.0758979938471436,2.9241020061528564,61.51795987694287,58.48204012305713,4.39453125,3.0325523893031763,-15.777146386327187,-13.090340389922652,370.93131868131866,348.69871794871796,2.622016775696949,2.6387358612159,-0.4483457011091248
36900,3.0536497615770806,2.9463502384229194,61.07299523154161,58.92700476845839,3.8671875,2.596007772127133,-15.8130667940741,-13.090340389922652,369.65567765567766,351.4322344322344,2.6226555364516084,2.6384301287810494,-0.44496464540125735
36933,3.027602332771623,2.972397667228377,60.552046655432456,59.447953344567544,3.515625,2.1612914304438346,-10.586380938687869,-13.090340389922652,366.7399267399268,354.8946886446886,2.6226555364516084,2.638820431786014,-0.5209485761091568
36966,3.000297602317717,2.999702397682283,60.00595204635433,59.99404795364567,3.1640625,1.7248508029750544,-10.544556358152926,-13.090340389922652,361.8195970695971,356.5347985347986,2.6235369239929383,2.638820431786014,-0.546094609078125
37000,2.9737427117165676,3.0262572882834324,59.47485423433135,60.52514576566865,2.724609375,1.2887267653324366,-13.190263537776357,-13.090340389922652,360.17948717948724,359.4505494505495,2.623305804015571,2.640955580884267,-0.5310978120229785
37033,2.948621646653856,3.051378353346144,58.972432933077116,61.027567066922884,2.197265625,0.8522604414936263,-15.815903342287745,-13.090340389922652,357.6282051282052,363.09523809523813,2.622914313973793,2.640449208010162,-0.5024213012542412
37066,2.925825285654674,3.074174714345326,58.51650571309347,61.48349428690653,1.58203125,0.417545695646508,-18.446948885806176,-12.808837230702824,353.801282051282,365.82875457875457,2.622914313973793,2.640980253678646,-0.45592721998364416
37100,2.90445229132016,3.09554770867984,58.08904582640319,61.91095417359681,0.966796875,0.001274362853426414,-18.40723195658727,-12.100053725203134,350.52106227106225,368.92673992673997,2.623374746553388,2.640980253678646,-0.4274598866902807
37133,2.882814024190229,3.117185975809771,57.65628048380458,62.34371951619542,0.439453125,-0.39020822762425134,-15.823285220687806,-11.39331540285427,348.88095238095235,372.38919413919416,2.6226718624330294,2.6419637971519734,-0.4327653425986137
37166,2.8584208111699896,3.1415791888300104,57.16841622339979,62.83158377660021,0.087890625,-0.757957195935008,-10.554193912103187,-10.686934467525028,346.32967032967025,374.029304029304,2.6222068483540815,2.641674007296317,-0.4878642604047939
37200,2.838127399976153,3.161872600023847,56.762547999523065,63.237452000476935,-0.439453125,-1.1018410029716283,-15.84728076719694,-9.981266270236285,343.4139194139194,378.58516483516485,2.6222068483540815,2.6423396893969904,-0.4058682238767257
37233,2.8215249841960537,3.1784750158039463,56.43049968392107,63.56950031607893,-1.0546875,-1.4233419093193425,-18.422869354523492,-9.273084382731751,340.8626373626373,380.4075091575092,2.6217795027454587,2.642617898384753,-0.33204831560199816
37266,2.8036442097243826,3.1963557902756174,56.07288419448765,63.92711580551235,-1.494140625,-1.720124582827823,-13.208522724003911,-8.567547366683666,337.9468864468864,382.0476190476191,2.6221102206896387,2.642617898384753,-0.35761548943342214
37300,2.783282770314814,3.2167172296851856,55.665655406296274,64.33434459370372,-1.7578125,-1.9944074466271644,-7.895716878660315,-7.859383546806813,337.2179487179487,384.4166666666667,2.6205963627860758,2.6424988067012807,-0.4072287881913739
37333,2.7653240204896927,3.2346759795103073,55.30648040979386,64.69351959020614,-2.109375,-2.243919744205861,-10.577303469596245,-7.1545459302339935,334.8489010989011,387.6968864468864,2.6205963627860758,2.6424540946019315,-0.3591749965024103
37366,2.750642683962893,3.249357316037107,55.01285367925786,64.98714632074214,-2.548828125,-2.4708239850479488,-13.171301895122491,-6.447015134622359,331.9331501831502,388.2435897435897,2.619749053787883,2.6425236472468403,-0.2936267305360083
37400,2.7341923064022406,3.265807693597759,54.68384612804481,65.31615387195518,-2.8125,-2.6740863515203857,-7.904246640606658,-5.739615520251384,330.29304029304024,392.0705128205128,2.6189187349433416,2.6425236472468403,-0.3290075512130452
37433,2.7188138567871016,3.2811861432128984,54.37627713574203,65.62372286425797,-3.076171875,-2.853909887332406,-7.896776504609569,-5.031546725067129,328.47069597069594,392.4349816849817,2.616806649209013,2.6427239917443264,-0.30756899230278734
37466,2.7047412784517677,3.2952587215482323,54.09482556903535,65.90517443096465,-3.33984375,-3.009839542438333,-7.910561428887501,-4.324711808769085,327.55952380952374,393.89285714285717,2.616806649209013,2.642538843988572,-0.2814515667066747
37500,2.6942153881657096,3.30578461183429,53.88430776331419,66.1156922366858,-3.69140625,-3.142164887327418,-10.551295887071024,-3.618136858443512,324.8260073260073,395.71520146520146,2.616658197710682,2.6423927269015164,-0.2105178057211592
37533,2.684174142930422,3.315825857069578,53.683482858608436,66.31651714139157,-3.955078125,-3.251058656961897,-7.904421987115242,-2.910752936561216,325.0082417582417,397.7197802197802,2.6156153617578908,2.6423927269015164,-0.20082490470575656
37566,2.6761998004745453,3.3238001995254547,53.5239960094909,66.4760039905091,-4.21875,-3.336212101366243,-7.919907557264732,-2.2047521423563246,321.72802197802196,398.26648351648345,2.61438102994062,2.6428878206242645,-0.159486849117533
37600,2.6685217166385735,3.3314782833614265,53.37043433277147,66.62956566722853,-4.39453125,-3.398027115107935,-5.262422145104144,-1.4964013903918885,320.8168498168498,399.17765567765565,2.61438102994062,2.642368034310943,-0.153561676719438
37633,2.6627110183206057,3.3372889816793943,53.25422036641211,66.74577963358789,-4.5703125,-3.4360837182513913,-5.281912487350222,-0.790664464123944,321.18131868131866,400.81776556776555,2.614364637520308,2.64211937437953,-0.1162139663593535
37666,2.6590011712661727,3.340998828733828,53.18002342532345,66.81997657467656,-4.74609375,-3.4506535092562296,-5.281900900870201,-0.0849259897378222,318.6300366300366,400.81776556776555,2.6132681334873853,2.64211937437953,-0.07419694108866653
37700,2.655863542980323,3.3441364570196765,53.11727085960646,66.88272914039354,-4.833984375,-3.436150559760331,-2.6400851224902784,1.0020475105647544,319.1767399267399,402.82234432234435,2.6125787875538595,2.642731006406493,-0.06275256571698841
37733,2.65498791475906,3.3450120852409406,53.099758295181196,66.90024170481881,-4.921875,-3.383697906608703,-2.6351599738426703,2.143251140048404,320.4523809523809,403.36904761904765,2.6127369480716616,2.642074671910006,-0.017512564425262847
37766,2.6567383803519413,3.3432616196480587,53.134767607038825,66.86523239296118,-5.009765625,-3.2929499528565023,-2.629576793115371,3.286877800540974,318.4478021978022,401.3644688644688,2.6127369480716616,2.6421428947617978,0.03500931185763201
37800,2.6594737995770426,3.3405262004229574,53.18947599154085,66.81052400845915,-5.009765625,-3.1645974293656023,0.0,4.425714855131815,317.9010989010989,401.3644688644688,2.6124746479157794,2.6421428947617978,0.05470838450202645
37833,2.664869076453888,3.335130923546112,53.29738152907776,66.70261847092225,-5.009765625,-2.99791068863359,0.0,5.567190979841002,318.99450549450546,403.0045787545788,2.6124847025058116,2.642850113787591,0.10790553753690502
37866,2.673306243637579,3.326693756362421,53.466124872751585,66.53387512724842,-5.009765625,-2.792387089938569,0.0,6.712522069633458,319.1767399267399,402.27564102564105,2.6127155431285973,2.641849569852369,0.1687433436738239
37900,2.6851369540909036,3.3148630459090964,53.702739081818066,66.29726091818193,-5.009765625,-2.551231636490046,0.0,7.846058846694401,319.7234432234432,400.81776556776555,2.6127155431285973,2.641702195445792,0.23661420906648306
37933,2.7007980283389736,3.2992019716610264,54.01596056677947,65.98403943322053,-5.009765625,-2.2696064280430273,0.0,8.99070308714205,320.8168498168498,401.7289377289377,2.6128932552265645,2.641702195445792,0.3132214849614022
37966,2.720691454378777,3.279308545621223,54.413829087575536,65.58617091242446,-5.009765625,-1.9511077291818197,0.0,10.130555839850624,321.36355311355305,400.81776556776555,2.613388703663199,2.6423396893969904,0.397868520796064
38000,2.745255921471862,3.254744078528138,54.90511842943724,65.09488157056276,-5.009765625,-1.5942240248545858,0.0,11.271660653953305,319.9056776556776,400.81776556776555,2.613673707820518,2.640861272679424,0.4912893418616988
38033,2.7749204044173785,3.2250795955826215,55.498408088347574,64.50159191165243,-5.009765625,-1.2008900778965497,0.0,12.408338310897687,321.9102564102564,402.09340659340666,2.613673707820518,2.640093564139497,0.593289658910338
38066,2.8101602562394765,3.1898397437605235,56.203205124789534,63.796794875210466,-5.009765625,-0.7687921371088222,0.0,13.547548592287919,323.00366300366295,395.35073260073256,2.61430438951066,2.640093564139497,0.704797036441957
38100,2.831077772370432,3.168922227629568,56.62155544740864,63.37844455259136,-4.130859375,-0.3010706350638084,26.372904881334787,14.252754577212853,330.83974358974353,389.3369963369964,2.6247696459149505,2.6349646521653223,0.4183503226191023
38133,2.8283466672663105,3.1716533327336895,56.566933345326206,63.433066654673794,-2.28515625,0.17556756055062506,55.1914510944897,14.252754577212853,337.5824175824176,383.14102564102564,2.6210528651962983,2.628819803030465,-0.054622102082436286
38166,2.839817868188116,3.160182131811884,56.79635736376232,63.20364263623768,-1.494140625,0.649155139311246,23.805843048861437,14.252754577212853,340.1336996336996,380.4075091575092,2.6210528651962983,2.6427239917443264,0.22942401843611077
38200,2.8678517536468267,3.1321482463531733,57.35703507293654,62.64296492706346,-1.494140625,1.12479324764118,0.0,14.252754577212853,343.23168498168496,378.4029304029304,2.6195266545953753,2.6427239917443264,0.5606777091742186
38233,2.896728369624029,3.103271630375971,57.93456739248058,62.06543260751942,-1.318359375,1.601051892383692,5.260517668671852,14.252754577212853,345.2362637362637,376.7628205128205,2.625324039288185,2.6395757689217416,0.5775323195440409
38266,2.92312859337064,3.07687140662936,58.4625718674128,61.5374281325872,-0.87890625,2.0755938783344092,13.198869065854856,14.252754577212853,346.8763736263736,371.6602564102564,2.626743519289074,2.638119639498497,0.5280044749322144
38300,2.943018816407818,3.056981183592182,58.86037632815636,61.13962367184364,-0.087890625,2.5514199234820003,23.69385132410863,14.252754577212853,351.06776556776555,370.0201465201465,2.626743519289074,2.6377576169943624,0.3978044607435617
38333,2.9654772221638006,3.0345227778361994,59.30954444327601,60.69045555672399,0.52734375,3.025143687343673,18.51033286331067,14.252754577212853,355.2591575091576,367.83333333333337,2.626356037310886,2.6377659234386552,0.44916811511964716
38366,2.9939588280556495,3.0060411719443505,59.879176561112985,60.120823438887015,0.87890625,3.501305456120246,10.523175860854455,14.252754577212853,356.5347985347986,363.459706959707,2.626850251172552,2.6377659234386552,0.5696321178369752
38400,3.0204322253731153,2.9795677746268847,60.4086445074623,59.5913554925377,1.40625,3.97495902514964,15.868350917272743,14.252754577212853,359.2683150183151,359.9972527472528,2.6283366289657133,2.637618890601845,0.5294679463493166
38433,3.043594870511691,2.956405129488309,60.871897410233814,59.128102589766186,2.109375,4.451200238756723,21.04284084571248,14.252754577212853,362.54853479853483,358.7216117216118,2.6283366289657133,2.637443749590863,0.4632529027715143
38466,3.0678866596953713,2.9321133403046287,61.35773319390743,58.64226680609257,2.724609375,4.9252666103263305,18.49695544804616,14.252754577212853,365.4642857142857,353.801282051282,2.6292291482917056,2.6374403984770516,0.48583578367361663
38500,3.0940481931150465,2.9059518068849535,61.88096386230092,58.11903613769908,3.251953125,5.4014238894613955,15.784912624311884,14.252754577212853,368.56227106227107,351.9789377289377,2.6279472003771995,2.6374403984770516,0.5232306683934955
38533,3.122038470257147,2.877961529742853,62.440769405142944,57.559230594857056,3.69140625,5.86048519956351,13.21498793581899,13.242922909373139,372.57142857142856,348.88095238095235,2.628612774248,2.637516601469752,0.559805542842023
38566,3.1462547523710036,2.8537452476289964,62.92509504742007,57.07490495257993,4.306640625,6.284181020776061,18.398923586109365,12.09879190701234,375.30494505494505,345.782967032967,2.628612774248,2.6359282411327234,0.48432564227713
38600,3.1688251955911966,2.8311748044088034,63.37650391182393,56.62349608817607,4.921875,6.667214550485079,18.520434661703362,10.962167455726433,377.49175824175825,342.13827838827837,2.6294511888451844,2.6346265534938325,0.4514088644038604
38633,3.1935037136918494,2.8064962863081506,63.870074273836984,56.129925726163016,5.361328125,7.014294708045595,13.156128226160915,9.819257446518945,381.13644688644695,340.1336996336996,2.6273641613858847,2.6346265534938325,0.4935703620130493
38666,3.215231266511517,2.784768733488483,64.30462533023034,55.69537466976966,5.888671875,7.322502664992374,15.825334669970832,8.679090420999161,383.32326007326014,336.3067765567765,2.6272016289437476,2.6345539667833684,0.4345510563933522
38699,3.2349327694721666,2.7650672305278334,64.69865538944333,55.30134461055667,6.416015625,7.592266679153526,15.853756792376412,7.540967451483674,387.1501831501832,334.30219780219784,2.6272016289437476,2.631785838757432,0.3940300592129967
38733,3.2522672501858234,2.7477327498141766,65.04534500371646,54.95465499628354,6.943359375,7.825345738021095,15.766917204267395,6.396576032111459,389.3369963369964,333.0265567765568,2.6278388076701886,2.6300118539927118,0.3466896142731316
38766,3.272764906803451,2.727235093196549,65.45529813606902,54.54470186393098,7.20703125,8.019127234721614,7.929562427145505,5.258838299147352,391.70604395604397,329.9285714285714,2.6263282392099176,2.6300118539927118,0.4099531323525591
38800,3.2922056240499216,2.707794375950079,65.84411248099843,54.155887519001574,7.470703125,8.175857362218283,7.884624102247736,4.114616042986025,393.71062271062266,327.0128205128205,2.625853857370439,2.630811311297557,0.38881434492941075
38833,3.3041624004672063,2.6958375995327937,66.08324800934413,53.91675199065587,7.998046875,8.294000530507402,15.820613093016739,2.9741087407449873,396.808608058608,325.91941391941384,2.6257243186089028,2.628706427096353,0.23913552834569787
38866,3.3141401524345597,2.6858598475654403,66.28280304869119,53.71719695130881,8.4375,8.374072792163714,13.195654841453834,1.8346222345611198,396.808608058608,322.27472527472526,2.6257243186089028,2.6276762311833117,0.19955503934706414
38900,3.324408797398594,2.675591202601406,66.48817594797188,53.51182405202812,8.701171875,8.416208584457957,7.913392827668241,0.6945597385209439,399.3598901098901,323.1858974358974,2.6226718624330294,2.6276762311833117,0.2053728992806868
38933,3.334189181570792,2.665810818429208,66.68378363141584,53.316216368584165,8.876953125,8.423258138393784,5.2872906777935045,0.0,400.81776556776555,321.54578754578756,2.622404886759676,2.6283448909489127,0.19560768344395105
38966,3.34239909106127,2.65760090893873,66.8479818212254,53.1520181787746,9.052734375,8.423258138393784,5.266240918429514,0.0,402.27564102564105,319.35897435897436,2.623010986089644,2.6259424413495376,0.1641981898095698
39000,3.34895328136599,2.65104671863401,66.9790656273198,53.0209343726802,9.228515625,8.423258138393784,5.269398242653791,0.0,401.5467032967033,317.9010989010989,2.623010986089644,2.6257489229993336,0.13108380609439851
39033,3.3537777158698616,2.646222284130138,67.07555431739723,52.92444568260276,9.404296875,8.423258138393784,5.274882817652112,0.0,403.7335164835165,318.6300366300366,2.62246555946936,2.6257489229993336,0.09648869007744026
39066,3.3567981730853216,2.6432018269146784,67.13596346170644,52.86403653829357,9.580078125,8.423258138393784,5.284035478620323,0.0,402.82234432234435,316.62545787545787,2.622255958631216,2.625676702859094,0.06040914430919979
39100,3.359964957929973,2.640035042070027,67.19929915859946,52.80070084140054,9.66796875,8.423258138393784,2.6351409332023668,0.0,403.36904761904765,317.71886446886447,2.621614167236067,2.6245515246478206,0.06333569689301737
39133,3.363930943767122,2.636069056232878,67.27861887534245,52.721381124657555,9.66796875,8.423258138393784,0.0,0.0,403.91575091575095,317.71886446886447,2.621614167236067,2.6236942013271283,0.07931971674298785
39166,3.3653656061590684,2.6346343938409316,67.30731212318138,52.692687876818624,9.755859375,8.423258138393784,2.631645805415279,0.0,403.55128205128204,316.07875457875457,2.6211820584117507,2.6236942013271283,0.0286932478389272
39200,3.3655472380927085,2.6344527619072915,67.31094476185417,52.689055238145826,9.84375,8.423258138393784,2.634694777492197,0.0,402.82234432234435,314.6208791208791,2.620846608900611,2.624094107942987,0.003632638672796562
39233,3.366454668103833,2.6335453318961664,67.32909336207666,52.67090663792333,9.84375,8.423258138393784,0.0,0.0,405.9203296703297,316.80769230769226,2.6206486026709377,2.6228469790060798,0.018148600222493094
39266,3.3667709845041225,2.6332290154958775,67.33541969008245,52.664580309917554,9.84375,8.423258138393784,0.0,0.0,404.46245421245425,314.98534798534797,2.6206486026709377,2.6229422023914446,0.006326328005780479
39300,3.3664953448530754,2.633504655146924,67.3299068970615,52.67009310293849,9.84375,8.423258138393784,0.0,0.0,405.3736263736264,316.4432234432235,2.620838382247494,2.6229422023914446,-0.005512793020936463
39333,3.3656275212860534,2.6343724787139466,67.31255042572107,52.68744957427893,9.84375,8.423258138393784,0.0,0.0,405.5558608058608,316.80769230769226,2.6207861366879714,2.623374746553388,-0.017356471340436108
39366,3.3641682062928155,2.6358317937071845,67.28336412585631,52.71663587414369,9.84375,8.423258138393784,0.0,0.0,404.2802197802198,315.7142857142857,2.6205799118750246,2.6228455340781087,-0.029186299864764148
39400,3.362116724465046,2.637883275534954,67.24233448930093,52.75766551069908,9.84375,8.423258138393784,0.0,0.0,404.2802197802198,316.9899267399268,2.6205799118750246,2.6229060775831923,-0.04102963655538516
39433,3.359473510189085,2.640526489810915,67.18947020378171,52.81052979621829,9.84375,8.423258138393784,0.0,0.0,405.3736263736264,317.17216117216117,2.6210478131417165,2.6229060775831923,-0.052864285519221704
39466,3.356239134946666,2.643760865053334,67.12478269893332,52.875217301066684,9.84375,8.423258138393784,0.0,0.0,404.8269230769231,316.62545787545787,2.6204915991057547,2.6231927846027387,-0.06468750484839492
39500,3.352410880733065,2.647589119266935,67.0482176146613,52.9517823853387,9.84375,8.423258138393784,0.0,0.0,404.09798534798534,316.9899267399268,2.6202004294770163,2.622958531049678,-0.07656508427201794
39533,3.347992535201069,2.652007464798931,66.95985070402138,53.040149295978615,9.84375,8.423258138393784,0.0,0.0,405.191391941392,317.71886446886447,2.6202004294770163,2.6231043397221057,-0.08836691063991428
39566,3.3429800298844135,2.6570199701155865,66.85960059768827,53.14039940231173,9.84375,8.423258138393784,0.0,0.0,403.36904761904765,317.3543956043956,2.6204915991057547,2.6231599785450705,-0.1002501063331081
39600,3.3373762067612125,2.6626237932387875,66.74752413522425,53.25247586477575,9.84375,8.423258138393784,0.0,0.0,402.82234432234435,315.3498168498168,2.6197882866748365,2.6231599785450705,-0.11207646246401345
39633,3.3311803983245305,2.66881960167547,66.62360796649061,53.3763920335094,9.84375,8.423258138393784,0.0,0.0,404.09798534798534,317.71886446886447,2.619265205903797,2.623479538634304,-0.12391616873364786
39666,3.3243943196762533,2.6756056803237467,66.48788639352507,53.51211360647493,9.84375,8.423258138393784,0.0,0.0,403.36904761904765,316.80769230769226,2.619265205903797,2.6233008899761767,-0.13572157296553372
39700,3.317016631878531,2.682983368121469,66.34033263757063,53.659667362429374,9.84375,8.423258138393784,0.0,0.0,403.91575091575095,317.3543956043956,2.6196968407979258,2.6233828406144983,-0.14755375595444664
39733,3.3090470778045784,2.6909529221954216,66.18094155609157,53.81905844390843,9.84375,8.423258138393784,0.0,0.0,404.2802197802198,318.0833333333333,2.6187095591733973,2.6233828406144983,-0.15939108147905973
39766,3.300485281609982,2.699514718390018,66.00970563219964,53.99029436780036,9.84375,8.423258138393784,0.0,0.0,404.09798534798534,317.53663003663,2.6185721885842685,2.623730342418687,-0.17123592389192552
39800,3.2913320386991787,2.7086679613008213,65.82664077398357,54.17335922601643,9.84375,8.423258138393784,0.0,0.0,403.55128205128204,318.0833333333333,2.6185721885842685,2.623435308383327,-0.18306485821607074
39833,3.281584147070419,2.718415852929581,65.63168294140839,54.368317058591614,9.84375,8.423258138393784,0.0,0.0,402.6401098901099,320.0879120879121,2.618987360434876,2.623807253146924,-0.19495783257518096
39866,3.275276103083008,2.724723896916991,65.50552206166017,54.49447793833982,9.66796875,8.423258138393784,-5.279119046564385,0.0,397.53754578754575,321.72802197802196,2.6171299456943626,2.623807253146924,-0.1261608797482066
39900,3.2859906535713517,2.7140093464286483,65.71981307142703,54.280186928572974,8.7890625,8.423258138393784,-26.44465818398357,0.0,396.9908424908425,324.8260073260073,2.6162990002352253,2.6319636119141934,0.2142910097668514
39933,3.2933799785483355,2.7066200214516645,65.8675995709667,54.1324004290333,8.349609375,8.423258138393784,-13.140836620600657,0.0,394.9862637362637,327.1950549450549,2.6162990002352253,2.630263450007066,0.14778649953967937
39966,3.294229594069459,2.7057704059305405,65.88459188138918,54.11540811861081,8.349609375,8.423258138393784,0.0,0.0,393.71062271062266,326.6483516483516,2.621028326782297,2.62991813137371,0.016992310422485057
40000,3.2951098263840692,2.704890173615931,65.90219652768138,54.097803472318624,8.349609375,8.423258138393784,0.0,0.0,393.71062271062266,326.4661172161172,2.620362456933505,2.62991813137371,0.01760464629219201
40033,3.296020676190909,2.703979323809091,65.92041352381818,54.07958647618182,8.349609375,8.423258138393784,0.0,0.0,395.89743589743586,327.0128205128205,2.6205325802932102,2.6306123198944915,0.018216996136796598
40066,3.2969623096093645,2.7030376903906355,65.9392461921873,54.0607538078127,8.349609375,8.423258138393784,0.0,0.0,394.62179487179486,326.28388278388275,2.62079753820996,2.629824413764443,0.01883266836911731
40100,3.2979346128410527,2.702065387158947,65.95869225682105,54.04130774317894,8.349609375,8.423258138393784,0.0,0.0,394.8040293040293,325.91941391941384,2.62079753820996,2.629747093254763,0.019446064633758673
40133,3.298937592279606,2.701062407720394,65.97875184559211,54.021248154407886,8.349609375,8.423258138393784,0.0,0.0,395.35073260073256,325.91941391941384,2.620612669543765,2.629747093254763,0.02005958877106121
40166,3.2999712128056093,2.7000287871943907,65.99942425611218,54.00057574388782,8.349609375,8.423258138393784,0.0,0.0,393.71062271062266,326.4661172161172,2.6206405212606523,2.6306533935865217,0.020672410520066672
40200,3.301035565490365,2.698964434509635,66.0207113098073,53.9792886901927,8.349609375,8.423258138393784,0.0,0.0,395.35073260073256,328.2884615384615,2.6204556692076633,2.629691099667524,0.02128705369512253
40233,3.302130671645062,2.697869328354938,66.04261343290123,53.957386567098766,8.349609375,8.423258138393784,0.0,0.0,394.07509157509156,327.55952380952374,2.6204556692076633,2.629829346145303,0.021902123093939595
40266,3.3032563568316817,2.6967436431683183,66.06512713663363,53.934872863366365,8.349609375,8.423258138393784,0.0,0.0,396.44413919413915,325.73717948717945,2.6205799118750246,2.629829346145303,0.022513703732401455
40300,3.3044128231737364,2.695587176826264,66.08825646347472,53.911743536525286,8.349609375,8.423258138393784,0.0,0.0,394.07509157509156,327.1950549450549,2.6205963627860758,2.6307504938778457,0.0231293268410811
40333,3.3055999503282205,2.6944000496717795,66.1119990065644,53.8880009934356,8.349609375,8.423258138393784,0.0,0.0,395.16849816849816,327.1950549450549,2.620351058250563,2.629862132323697,0.023742543089685392
40366,3.30681775899136,2.69318224100864,66.1363551798272,53.863644820172794,8.349609375,8.423258138393784,0.0,0.0,394.9862637362637,326.6483516483516,2.620351058250563,2.6298704015009076,0.024356173262803996
40400,3.308066249146584,2.691933750853415,66.16132498293169,53.838675017068304,8.349609375,8.423258138393784,0.0,0.0,392.7994505494505,327.37728937728934,2.6205963627860758,2.6298704015009076,0.024969803104489922
40433,3.309345406285086,2.690654593714914,66.18690812570172,53.81309187429827,8.349609375,8.423258138393784,0.0,0.0,395.71520146520146,327.0128205128205,2.620301857194049,2.630444551834787,0.02558314277003558
40466,3.3106552778698095,2.6893447221301905,66.21310555739619,53.78689444260381,8.349609375,8.423258138393784,0.0,0.0,393.52838827838826,326.4661172161172,2.620167679537451,2.629987189659877,0.02619743169446781
40500,3.3119958685378674,2.688004131462132,66.23991737075735,53.76008262924264,8.349609375,8.423258138393784,0.0,0.0,393.1639194139194,327.0128205128205,2.620167679537451,2.6299789199318306,0.026811813361171173
40533,3.3133671446013944,2.686632855398606,66.26734289202788,53.73265710797212,8.349609375,8.423258138393784,0.0,0.0,394.257326007326,327.37728937728934,2.620745149552533,2.6299789199318306,0.027425521270524493
40566,3.314769001214009,2.685230998785991,66.29538002428018,53.70461997571982,8.349609375,8.423258138393784,0.0,0.0,393.71062271062266,325.19047619047615,2.620187300572882,2.6302470530886897,0.028037132252290896
40600,3.3162015282879644,2.6837984717120356,66.32403056575929,53.67596943424071,8.349609375,8.423258138393784,0.0,0.0,393.71062271062266,325.0082417582417,2.6201890318512957,2.629740420349986,0.028650541479111502
40633,3.31766476049986,2.68233523950014,66.3532952099972,53.646704790002794,8.349609375,8.423258138393784,0.0,0.0,395.532967032967,324.4615384615384,2.6201890318512957,2.6269420718649537,0.0292646442379167
40666,3.3171435102148137,2.682856489785186,66.34287020429628,53.65712979570372,8.4375,8.423258138393784,2.6387465211288736,0.0,394.62179487179486,323.1858974358974,2.620301857194049,2.6243532430328163,-0.010425005700916777
40700,3.315926175147303,2.684073824852697,66.31852350294606,53.68147649705394,8.525390625,8.423258138393784,2.627135851735049,0.0,396.44413919413915,322.82142857142856,2.619193253094466,2.6243532430328163,-0.02434670135021668
40733,3.313964870624983,2.6860351293750178,66.27929741249966,53.72070258750035,8.61328125,8.423258138393784,2.6384677636872516,0.0,397.90201465201466,323.1858974358974,2.619471131329287,2.624822155293733,-0.03922609044641194
40766,3.3112299675702337,2.6887700324297663,66.22459935140468,53.77540064859533,8.701171875,8.423258138393784,2.635613558422735,0.0,395.89743589743586,323.00366300366295,2.619471131329287,2.624871339061106,-0.05469806109498655
40800,3.309697443246,2.690302556754,66.19394886491999,53.80605113508001,8.701171875,8.423258138393784,0.0,0.0,397.53754578754575,322.4569597069597,2.621036409986496,2.624728565295719,-0.030650486484692395
40833,3.308048990051688,2.691951009948312,66.16097980103376,53.83902019896624,8.701171875,8.423258138393784,0.0,0.0,399.17765567765565,323.00366300366295,2.6211475578361876,2.624728565295719,-0.032969063886226675
40866,3.30628471155879,2.6937152884412097,66.1256942311758,53.87430576882419,8.701171875,8.423258138393784,0.0,0.0,396.9908424908425,322.4569597069597,2.6211575181834608,2.6252797623834887,-0.035285569857957104
40900,3.304404582164505,2.695595417835495,66.0880916432901,53.9119083567099,8.701171875,8.423258138393784,0.0,0.0,397.1730769230769,322.6391941391941,2.6211575181834608,2.62477789108502,-0.037602587885703205
40933,3.302408503185148,2.697591496814853,66.04817006370295,53.95182993629705,8.701171875,8.423258138393784,0.0,0.0,398.9954212454212,323.36813186813185,2.6220495603110088,2.624785991640817,-0.03992157958715067
40966,3.300296557994829,2.699703442005171,66.00593115989658,53.99406884010342,8.701171875,8.423258138393784,0.0,0.0,397.90201465201466,322.82142857142856,2.6211820584117507,2.624785991640817,-0.042238903806372276
41000,3.2980689795373817,2.7019310204626183,65.96137959074763,54.038620409252374,8.701171875,8.423258138393784,0.0,0.0,398.63095238095235,322.6391941391941,2.6212786347745496,2.6256800315776103,-0.04455156914895176
41033,3.295725416238016,2.7042745837619844,65.91450832476032,54.08549167523969,8.701171875,8.423258138393784,0.0,0.0,397.1730769230769,322.6391941391941,2.6212786347745496,2.625125525443417,-0.04687126598731114
41066,3.2932665410092743,2.7067334589907257,65.86533082018549,54.13466917981451,8.701171875,8.423258138393784,0.0,0.0,397.3553113553113,322.82142857142856,2.6216092579491255,2.624987794374648,-0.04917750457483076
41100,3.290691882429554,2.709308117570446,65.81383764859109,54.18616235140891,8.701171875,8.423258138393784,0.0,0.0,397.53754578754575,322.6391941391941,2.621036409986496,2.624987794374648,-0.051493171594399645
41133,3.2880010315383688,2.711998968461631,65.76002063076737,54.23997936923262,8.701171875,8.423258138393784,0.0,0.0,398.08424908424905,323.00366300366295,2.6211247502983057,2.6257849618189772,-0.0538170178237128
41166,3.285194270303532,2.7148057296964674,65.70388540607064,54.29611459392935,8.701171875,8.423258138393784,0.0,0.0,397.1730769230769,322.27472527472526,2.621407989056992,2.62490735981473,-0.05613522469672685
41200,3.282271754794441,2.717728245205559,65.64543509588881,54.354564904111186,8.701171875,8.423258138393784,0.0,0.0,398.8131868131868,323.36813186813185,2.621407989056992,2.624976220828967,-0.05845031018182238
41233,3.2792338076967336,2.7207661923032664,65.58467615393468,54.41532384606532,8.701171875,8.423258138393784,0.0,0.0,397.90201465201466,323.55036630036625,2.621044637572027,2.624976220828967,-0.06075894195413156
41266,3.276079621521632,2.723920378478368,65.52159243043265,54.47840756956735,8.701171875,8.423258138393784,0.0,0.0,397.53754578754575,324.09706959706955,2.621088807377647,2.6256717821563607,-0.06308372350202839
41300,3.2728096444015615,2.7271903555984394,65.45619288803123,54.54380711196878,8.701171875,8.423258138393784,0.0,0.0,396.44413919413915,323.00366300366295,2.621069176215085,2.624943525975955,-0.0653995424014279
41333,3.269424237110232,2.730575762889768,65.38848474220464,54.61151525779536,8.701171875,8.423258138393784,0.0,0.0,399.3598901098901,323.91483516483515,2.621069176215085,2.624882767252034,-0.06770814582658295
41366,3.2659228858303146,2.7340771141696854,65.31845771660629,54.68154228339371,8.701171875,8.423258138393784,0.0,0.0,397.3553113553113,323.36813186813185,2.6212262316911517,2.624882767252034,-0.07002702559835086
41400,3.262305787800662,2.7376942121993375,65.24611575601324,54.753884243986754,8.701171875,8.423258138393784,0.0,0.0,396.0796703296703,324.4615384615384,2.6210560407809407,2.6259918013610037,-0.07234196059304339
41433,3.2585728459494727,2.7414271540505273,65.17145691898945,54.828543081010544,8.701171875,8.423258138393784,0.0,0.0,395.89743589743586,328.2884615384615,2.6197080909787442,2.631237673039463,-0.07465883702378476
41466,3.264801090463481,2.735198909536519,65.29602180926962,54.70397819073038,8.26171875,8.423258138393784,-13.196087146254664,0.0,392.7994505494505,328.65293040293034,2.6197080909787442,2.6335780469216354,0.12456489028016735
41500,3.268530432424777,2.731469567575223,65.37060864849555,54.62939135150446,8.0859375,8.423258138393784,-5.280857738814337,0.0,392.2527472527472,328.2884615384615,2.6202936331057023,2.6335780469216354,0.0745868392259233
41533,3.269760150631216,2.7302398493687843,65.39520301262432,54.604796987375686,8.0859375,8.423258138393784,0.0,0.0,392.98168498168496,330.4752747252747,2.6205161299827515,2.6338746482460023,0.024594364128769513
41566,3.271130479132682,2.728869520867318,65.42260958265364,54.577390417346365,8.0859375,8.423258138393784,0.0,0.0,391.5238095238095,329.3818681318681,2.6202167325392756,2.633325829826044,0.027406570029314275
41600,3.27264148469335,2.72735851530665,65.452829693867,54.547170306133,8.0859375,8.423258138393784,0.0,0.0,392.0705128205128,330.29304029304024,2.6202167325392756,2.633337458635936,0.030220111213367266
41633,3.2742926040931586,2.7257073959068414,65.48585208186317,54.51414791813682,8.0859375,8.423258138393784,0.0,0.0,392.2527472527472,329.74633699633694,2.6208269804589714,2.633337458635936,0.03302238799617396
41666,3.276084864212048,2.723915135787952,65.52169728424096,54.47830271575904,8.0859375,8.423258138393784,0.0,0.0,390.9771062271062,328.65293040293034,2.620414689824347,2.633699880029635,0.03584520237778738
41700,3.2780176377221637,2.7219823622778363,65.56035275444327,54.43964724555673,8.0859375,8.423258138393784,0.0,0.0,392.4349816849817,328.2884615384615,2.6202773293257215,2.6333291731009996,0.038655470202315065
41733,3.2800903960041214,2.7199096039958786,65.60180792008244,54.398192079917564,8.0859375,8.423258138393784,0.0,0.0,392.2527472527472,329.9285714285714,2.6202773293257215,2.633564817343587,0.04145516563916089
41766,3.2823037344414967,2.7176962655585033,65.64607468882994,54.35392531117006,8.0859375,8.423258138393784,0.0,0.0,392.2527472527472,328.65293040293034,2.620995561319695,2.6333983657859936,0.04426676874750359
41800,3.284657843557199,2.715342156442801,65.69315687114398,54.306843128856016,8.0859375,8.423258138393784,0.0,0.0,390.0659340659341,328.8351648351648,2.6203263854067766,2.6333983657859936,0.04708218231403864
41833,3.2871525584436,2.7128474415564,65.743051168872,54.256948831128,8.0859375,8.423258138393784,0.0,0.0,393.1639194139194,330.4752747252747,2.6202331800306067,2.633683450967041,0.04989429772801357
41866,3.2897874788402475,2.7102125211597525,65.79574957680495,54.20425042319505,8.0859375,8.423258138393784,0.0,0.0,393.52838827838826,329.3818681318681,2.6202331800306067,2.6334675611981586,0.052698407932950525
41900,3.2925630819968177,2.7074369180031823,65.85126163993635,54.148738360063646,8.0859375,8.423258138393784,0.0,0.0,393.52838827838826,329.74633699633694,2.620907227538874,2.6334149375481046,0.05551206313140071
41933,3.2954795604643716,2.7045204395356284,65.90959120928743,54.09040879071257,8.0859375,8.423258138393784,0.0,0.0,393.34615384615387,328.8351648351648,2.62028872752758,2.6334149375481046,0.058329569351072974
41966,3.2985367797826792,2.7014632202173208,65.97073559565358,54.02926440434642,8.0859375,8.423258138393784,0.0,0.0,391.70604395604397,329.0173992673992,2.6201480587224153,2.6338499295552427,0.061144386366155275
42000,3.3017339911336445,2.6982660088663555,66.03467982267289,53.965320177327115,8.0859375,8.423258138393784,0.0,0.0,391.70604395604397,329.0173992673992,2.6201480587224153,2.6334627639492485,0.06394422701930408
42033,3.3050719203764807,2.6949280796235193,66.10143840752961,53.89856159247039,8.0859375,8.423258138393784,0.0,0.0,393.34615384615387,329.3818681318681,2.620874464347031,2.633381939544591,0.06675858485672972
42066,3.308550165935185,2.691449834064816,66.1710033187037,53.82899668129631,8.0859375,8.423258138393784,0.0,0.0,391.70604395604397,327.55952380952374,2.6202969515928314,2.633381939544591,0.06956491117407909
42100,3.3121689415951336,2.687831058404866,66.24337883190267,53.75662116809732,8.0859375,8.423258138393784,0.0,0.0,392.2527472527472,325.73717948717945,2.620230005941273,2.633609449396141,0.0723755131989847
42133,3.315928708288126,2.684071291711874,66.31857416576251,53.68142583423749,8.0859375,8.423258138393784,0.0,0.0,394.62179487179486,325.3727106227106,2.620230005941273,2.6252797623834887,0.07519533385983926
42166,3.3157946811226986,2.6842053188773014,66.31589362245397,53.68410637754603,8.26171875,8.423258138393784,5.285185886922193,0.0,394.07509157509156,322.4569597069597,2.620329703956126,2.623189605134094,-0.0026805433085435038
42200,3.312343294466234,2.687656705533766,66.24686588932468,53.75313411067532,8.525390625,8.423258138393784,7.879383946614864,0.0,395.16849816849816,322.0924908424908,2.6190836713458587,2.623189605134094,-0.06902773312929178
42233,3.3107729127492775,2.6892270872507225,66.21545825498555,53.78454174501445,8.61328125,8.423258138393784,2.640913630019087,0.0,398.63095238095235,322.82142857142856,2.619776891738181,2.624303929213188,-0.031407634339133454
42266,3.3084273092622056,2.6915726907377944,66.16854618524411,53.83145381475589,8.701171875,8.423258138393784,2.641853112250685,0.0,398.08424908424905,322.6391941391941,2.6215372085300483,2.623672950713927,-0.04691206974143579
42300,3.3072865197914654,2.6927134802085346,66.1457303958293,53.85426960417069,8.701171875,8.423258138393784,0.0,0.0,398.26648351648345,324.09706959706955,2.6215372085300483,2.6238154937826694,-0.02281578941480124
42333,3.3060303157161117,2.693969684283888,66.12060631432223,53.87939368567776,8.701171875,8.423258138393784,0.0,0.0,397.90201465201466,323.91483516483515,2.621443938543268,2.6238154937826694,-0.025124081507067852
42366,3.3046582860885763,2.6953417139114237,66.09316572177153,53.90683427822847,8.701171875,8.423258138393784,0.0,0.0,397.53754578754575,323.36813186813185,2.6215896209392593,2.624797563928436,-0.02744059255070193
42400,3.303170083065089,2.6968299169349104,66.06340166130178,53.93659833869821,8.701171875,8.423258138393784,0.0,0.0,402.82234432234435,323.55036630036625,2.6215927974994258,2.623989279037813,-0.02976406046973976
42433,3.301566176653346,2.698433823346655,66.03132353306691,53.9686764669331,8.701171875,8.423258138393784,0.0,0.0,398.9954212454212,323.91483516483515,2.6215927974994258,2.624133438476883,-0.032078128234878676
42466,3.299846395599441,2.700153604400559,65.99692791198882,54.00307208801118,8.701171875,8.423258138393784,0.0,0.0,397.53754578754575,322.27472527472526,2.6217107674813747,2.624133438476883,-0.03439562107808805
42500,3.298011060730463,2.701988939269537,65.96022121460926,54.03977878539074,8.701171875,8.423258138393784,0.0,0.0,397.90201465201466,322.4569597069597,2.6216862198278497,2.6249844669724247,-0.03670669737955417
42533,3.2960598244597,2.7039401755403003,65.921196489194,54.078803510806004,8.701171875,8.423258138393784,0.0,0.0,398.08424908424905,323.91483516483515,2.6215372085300483,2.624143415848515,-0.039024725415263854
42566,3.2939928090170842,2.706007190982915,65.87985618034169,54.1201438196583,8.701171875,8.423258138393784,0.0,0.0,397.1730769230769,323.36813186813185,2.6215372085300483,2.6241990877347874,-0.0413403088523073
42600,3.2918099557975613,2.7081900442024387,65.83619911595123,54.16380088404877,8.701171875,8.423258138393784,0.0,0.0,397.90201465201466,322.82142857142856,2.621774592994094,2.6241990877347874,-0.04365706439046154
42633,3.2895112590101094,2.7104887409898906,65.79022518020219,54.209774819797815,8.701171875,8.423258138393784,0.0,0.0,398.44871794871796,323.7326007326007,2.6215322994592767,2.6247614007837305,-0.0459739357490465
42666,3.2870971769553137,2.7129028230446868,65.74194353910627,54.258056460893734,8.701171875,8.423258138393784,0.0,0.0,400.99999999999994,323.1858974358974,2.6212540931899886,2.624154839285907,-0.04828164109591753
42700,3.284567203277818,2.715432796722182,65.69134406555636,54.30865593444364,8.701171875,8.423258138393784,0.0,0.0,398.63095238095235,323.00366300366295,2.6212540931899886,2.624300747724169,-0.05059947354991294
42733,3.281921002035512,2.718078997964488,65.63842004071024,54.361579959289756,8.701171875,8.423258138393784,0.0,0.0,396.6263736263736,322.4569597069597,2.6218350994217277,2.624300747724169,-0.052924024846123185
42766,3.2791591107865,2.720840889213501,65.58318221572999,54.416817784270016,8.701171875,8.423258138393784,0.0,0.0,396.9908424908425,323.00366300366295,2.6215454384737473,2.624579439181343,-0.055237824980257304
42800,3.2762813122161383,2.723718687783862,65.52562624432277,54.47437375567724,8.701171875,8.423258138393784,0.0,0.0,396.9908424908425,323.91483516483515,2.6215486149536114,2.624394170220128,-0.05755597140723055
42833,3.2732880612171122,2.7267119387828878,65.46576122434224,54.534238775657755,8.701171875,8.423258138393784,0.0,0.0,396.808608058608,323.7326007326007,2.6215486149536114,2.6244220822432656,-0.0598650199805237
42866,3.2702829524441506,2.7297170475558494,65.40565904888301,54.59434095111698,8.701171875,8.423710720820365,0.0,0.20157100900386687,396.808608058608,322.4569597069597,2.6220218305532965,2.624361341622876,-0.06010217545922997
42900,3.2681582487846934,2.7318417512153066,65.36316497569388,54.63683502430612,8.701171875,8.455226154771104,0.0,1.6940923096012048,397.7197802197802,324.279304029304,2.621422570887984,2.624361341622876,-0.04249407318913217
42933,3.2673267356867064,2.7326732643132936,65.34653471373413,54.65346528626588,8.701171875,8.53684764979304,0.0,3.1933633908284924,397.7197802197802,325.91941391941384,2.6209235371982054,2.6260770628407433,-0.01663026195975356
42966,3.2702265176632834,2.729773482336716,65.40453035326567,54.59546964673432,8.61328125,8.667627122563108,-2.6469464983221758,4.683842340753195,394.07509157509156,326.28388278388275,2.6209235371982054,2.6321958770230407,0.05799563953154707
43000,3.2800442871525997,2.719955712847401,65.60088574305199,54.39911425694802,8.349609375,8.849490455042112,-7.879662978621623,6.185893144713938,394.4395604395604,326.83058608058604,2.619809634351208,2.6319768294287007,0.1963553897863146
43033,3.2907192279946242,2.7092807720053758,65.81438455989249,54.18561544010751,8.26171875,9.080142076182975,-2.641697160426628,7.679333837472588,394.257326007326,327.92399267399264,2.6204998241261275,2.6319768294287007,0.21349881684049987
43066,3.303381751370223,2.696618248629777,66.06763502740446,53.932364972595536,8.26171875,9.360667757613887,0.0,9.173687234240218,393.52838827838826,327.1950549450549,2.6203819358676457,2.632325894991988,0.2532504675119719
43100,3.3198627001379135,2.6801372998620865,66.39725400275827,53.602745997241726,8.26171875,9.690894130456188,0.0,10.667840341454026,393.34615384615387,326.83058608058604,2.6203819358676457,2.6318583110967895,0.32961897535381246
43133,3.340710286609231,2.659289713390769,66.81420573218462,53.185794267815375,8.26171875,10.072327365884718,0.0,12.167424784565794,395.532967032967,327.55952380952374,2.621023274798661,2.631724842314924,0.416951729426349
43166,3.366474531885448,2.6335254681145517,67.32949063770896,52.670509362291035,8.26171875,10.50334862032702,0.0,13.665336797345313,393.89285714285717,326.28388278388275,2.6203542325598597,2.631724842314924,0.5152849055243456
43200,3.397724927366421,2.602275072633579,67.95449854732843,52.04550145267157,8.26171875,10.983836496995494,0.0,15.161712659469686,394.4395604395604,326.6483516483516,2.620167679537451,2.632597729040428,0.62500790961947
43233,3.4330465592517525,2.5669534407482475,68.66093118503505,51.339068814964946,8.349609375,11.514494307931528,2.635154048493535,16.65886157931424,399.3598901098901,320.63461538461536,2.620167679537451,2.6276269685598663,0.7064326377066302
43266,3.446031403861456,2.553968596138544,68.92062807722911,51.07937192277088,9.66796875,12.092382639773735,39.704641098593,18.149323875974783,405.0091575091575,313.34523809523813,2.6242596781125846,2.613632887420781,0.2596968921940652
43300,3.4513714920625715,2.5486285079374285,69.02742984125143,50.972570158748574,11.162109375,12.722264235323891,44.82651476369584,19.645507707979082,411.20512820512823,308.78937728937734,2.618333653591211,2.613632887420781,0.10680176402231595
43333,3.4778994116428805,2.52210058835712,69.55798823285761,50.4420117671424,11.513671875,13.404979456257319,10.503252994631824,21.14798243246396,415.5787545787545,306.2380952380952,2.6106373565509644,2.6205602864293853,0.5305583916061702
43366,3.5123477303710984,2.4876522696289016,70.24695460742197,49.75304539257803,11.689453125,14.121063948930157,5.295086142259727,21.658007461778446,417.2188644688644,301.6822344322344,2.6160574653338218,2.612380568493091,0.6889663745643629
43400,3.540078966224097,2.4599210337759034,70.80157932448193,49.198420675518065,12.392578125,14.843840908232238,21.069136613413278,21.658007461778446,420.1346153846153,298.94871794871796,2.6160574653338218,2.606841728338998,0.5546247170599646
43433,3.570967747346157,2.429032252653843,71.41935494692314,48.580645053076864,13.0078125,15.565117855592135,18.47383412608067,21.658007461778446,426.5128205128205,295.8507326007326,2.61114350204303,2.606841728338998,0.6177756224412017
43466,3.6058392262967245,2.3941607737032755,72.11678452593449,47.883215474065516,13.53515625,16.28949389059827,15.766969530301374,21.658007461778446,428.1529304029304,291.4771062271063,2.608824649578293,2.6057499532378965,0.6974295790113485
43500,3.641308762642875,2.3586912373571254,72.8261752528575,47.173824747142504,14.150390625,17.0092275099864,18.513447650007517,21.658007461778446,431.25091575091574,286.9212454212455,2.6055017231028987,2.600444134501211,0.709390726923004
43533,3.678864951392118,2.321135048607882,73.57729902784236,46.42270097215764,14.765625,17.732168507094734,18.431311459427246,21.658007461778446,436.7179487179487,285.098901098901,2.6055017231028987,2.594181205339749,0.751123774984866
43566,3.718494240269626,2.281505759730374,74.36988480539252,45.630115194607484,15.380859375,18.45433343274601,18.451118589670873,21.658007461778446,440.1804029304029,279.0851648351648,2.6014777669285154,2.594181205339749,0.7925857775501551
43600,3.7542142976140185,2.2457857023859815,75.08428595228037,44.91571404771963,16.259765625,19.17665797789856,26.35291607968771,21.658007461778446,444.55402930402926,275.0760073260073,2.595354748837879,2.58867276992596,0.7144011468878554
43633,3.7919280757160108,2.2080719242839892,75.83856151432022,44.16143848567978,17.05078125,19.899131313623776,23.712739919233915,21.658007461778446,452.5723443223443,271.43131868131866,2.585814516810375,2.5839332138611257,0.7542755620398489
43666,3.8342555088840515,2.1657444911159485,76.68511017768103,43.31488982231897,17.666015625,20.619027757903776,18.50926031148719,21.658007461778446,454.2124542124542,265.5998168498168,2.585814516810375,2.5746886764102506,0.8465486633608139
43700,3.8767343782159394,2.1232656217840606,77.53468756431879,42.46531243568121,18.369140625,21.343621975674356,21.01629591168572,21.658007461778446,460.5906593406593,260.8617216117216,2.5793758934876045,2.5746886764102506,0.8495773866377662
43733,3.9164381779553934,2.0835618220446066,78.32876355910787,41.67123644089213,19.248046875,22.062103047516345,26.493889493709723,21.658007461778446,466.0576923076922,256.6703296703296,2.5703295885232005,2.5634987750533695,0.7940759947890823
43766,3.9542047375428306,2.045795262457169,79.08409475085662,40.91590524914338,20.21484375,22.786884173864774,28.889954734704258,21.658007461778446,469.52014652014645,250.65659340659334,2.5560400258890317,2.556568058401773,0.7553311917487517
43800,3.997087891510515,2.0029121084894856,79.94175783021029,40.058242169789715,20.91796875,23.508730640232933,21.096295689000694,21.658007461778446,475.71611721611725,246.10073260073258,2.5560400258890317,2.5442445148263926,0.857663079353665
43833,4.038974692066314,1.9610253079336857,80.77949384132629,39.220506158673714,21.708984375,24.227119622732992,23.820765170597856,21.388678212697695,479.72527472527474,240.99816849816852,2.5423028992519097,2.5442445148263926,0.8377360111159906
43866,4.078424130783272,1.9215758692167275,81.56848261566545,38.431517384334555,22.587890625,24.91677398093386,26.302282936667154,19.88872551017916,483.73443223443223,235.71336996336993,2.5223214611801485,2.530901065922574,0.7889887743391546
43900,4.11611654491109,1.8838834550889103,82.3223308982218,37.67766910177821,23.466796875,25.553452353871094,26.42500223282339,18.395738678024568,489.9304029304029,230.61080586080584,2.5042452657265635,2.51725795734862,0.7538482825563464
43933,4.155694450375065,1.844305549624935,83.1138890075013,36.8861109924987,24.169921875,26.14200320097602,21.082625541835593,16.89868869077422,494.6684981684981,226.41941391941393,2.5042452657265635,2.4983749242956694,0.7915581092795079
43966,4.1900007910428,1.8099992089572003,83.80001582085599,36.19998417914401,25.048828125,26.680152013251515,26.37762380591048,15.403020215722995,498.13095238095246,221.86355311355314,2.488917081686582,2.47999581704086,0.6861268133546856
44000,4.22518430711354,1.774815692886459,84.50368614227082,35.49631385772918,25.751953125,27.168740486477706,21.08955802974449,13.906462333661434,502.6868131868132,216.76098901098896,2.46666036388408,2.47999581704086,0.7036703214148363
44033,4.258126443223728,1.7418735567762726,85.16252886447455,34.837471135525455,26.455078125,27.607735973970666,21.07416514681407,12.408811343516268,507.78937728937734,212.93406593406593,2.4525308436473336,2.462391745050658,0.6588427222037214
44066,4.288297600106859,1.7117023998931402,85.7659520021372,34.2340479978628,27.158203125,27.996312327829298,21.100305653740303,10.913015746213436,510.8873626373627,208.1959706959707,2.4525308436473336,2.440354737049513,0.6034231376626418
44100,4.313159856769806,1.6868401432301936,86.26319713539613,33.736802864603874,27.94921875,28.33479789306365,23.756498031134623,9.418394683403568,515.4432234432235,205.2802197802198,2.435807328700617,2.4201849847045196,0.49724513325892983
44133,4.339555930270668,1.660444069729332,86.79111860541336,33.20888139458664,28.4765625,28.624944945465014,15.752386633970056,7.915682188211925,520.728021978022,201.63553113553115,2.4210447159623274,2.4201849847045196,0.5279214700172349
44166,4.364967186051995,1.6350328139480046,87.2993437210399,32.700656278960096,28.916015625,28.863995983115068,13.175426170953324,6.418494170861955,520.5457875457876,198.5375457875458,2.417592553247265,2.4013023669154854,0.5082251156265478
44200,4.385582455863485,1.6144175441365147,87.7116491172697,32.28835088273029,29.443359375,29.052509535961565,15.868510403911758,4.926778337337884,524.7371794871794,196.71520146520143,2.417592553247265,2.384341715579568,0.4123053962298048
44233,4.404267643515221,1.5957323564847798,88.0853528703044,31.914647129695595,29.8828125,29.19205933363716,13.1534957893734,3.4270941087112203,527.8351648351648,193.98168498168496,2.4043991712980475,2.3689792643245426,0.3737037530347025
44266,4.419122438336204,1.5808775616637962,88.38244876672408,31.617551233275922,30.322265625,29.2812783470645,13.199948618266317,1.9326875199360785,528.9285714285714,190.7014652014652,2.3979678630344767,2.3689792643245426,0.2970958964196738
44300,4.433667908901947,1.5663320910980525,88.67335817803895,31.32664182196105,30.5859375,29.320776419138184,7.90317600685764,0.43510552230519783,530.2042124542124,189.97252747252747,2.3911551344259983,2.3557613292955364,0.29090941131486786
44333,4.442886247485302,1.5571137525146979,88.85772494970604,31.142275050293954,30.9375,29.313409472752213,10.584084937457696,-0.8056571548316209,532.9377289377288,188.33241758241758,2.3911551344259983,2.345975037802777,0.18436677166709364
44366,4.449747815218426,1.5502521847815744,88.99495630436851,31.005043695631493,31.201171875,29.26738623860406,7.893103673079802,-1.9497839289153454,533.4844322344322,186.69230769230768,2.3816946153092933,2.33674454486263,0.13723135466246827
44400,4.454485242508922,1.5455147574910786,89.08970485017844,30.910295149821568,31.376953125,29.18355761526683,5.283276811030368,-3.0893180433163385,533.848901098901,185.96336996336998,2.37560022047155,2.33674454486263,0.09474854580991757
44433,4.4553853215398185,1.5446146784601813,89.10770643079637,30.89229356920363,31.552734375,29.061476056964988,5.270574365683875,-4.231598513010767,534.9423076923076,185.96336996336998,2.371984902116426,2.3315693952173246,0.018001580617934276
44466,4.456046663991569,1.5439533360084305,89.12093327983139,30.87906672016861,31.552734375,28.901518899721033,0.0,-5.372469637331622,534.5778388278388,186.1456043956044,2.3696413543732158,2.330046044822701,0.013226849035020367
44500,4.453451349443927,1.5465486505560728,89.06902698887855,30.930973011121452,31.552734375,28.702610573559394,0.0,-6.518326026710465,535.4890109890109,185.5989010989011,2.3696413543732158,2.329603784417877,-0.051906290952841674
44533,4.447241422238143,1.552758577761857,88.94482844476286,31.05517155523714,31.552734375,28.467261207833293,0.0,-7.655711308231883,534.5778388278388,186.51007326007326,2.369425713537059,2.329603784417877,-0.1241985441156882
44566,4.436985849696588,1.5630141503034123,88.73971699393175,31.260283006068246,31.552734375,28.19179231399029,0.0,-8.802240021438438,534.7600732600732,186.32783882783883,2.36855612861828,2.3295746354616265,-0.20511145083110877
44600,4.422291743386054,1.5777082566139462,88.44583486772108,31.554165132278925,31.552734375,27.879787183945183,0.0,-9.942417278827344,534.2133699633699,186.69230769230768,2.36814029620673,2.3304448645682054,-0.2938821262106755
44633,4.402726031633359,1.5972739683666406,88.05452063266719,31.945479367332812,31.552734375,27.529627663456967,0.0,-11.083205963749583,534.5778388278388,187.4212454212454,2.36814029620673,2.330973918491,-0.39131423505388657
44666,4.377852136069334,1.6221478639306652,87.5570427213867,32.44295727861331,31.552734375,27.142194753976103,0.0,-12.221966306559393,533.848901098901,187.239010989011,2.36662505922234,2.330973918491,-0.49747791128050006
44700,4.347695888000851,1.652304111999149,86.95391776001702,33.04608223998298,31.552734375,26.725357711134375,0.0,-12.498359991572526,532.3910256410256,187.96794871794873,2.365950120395532,2.3319898049929053,-0.6031249613696752
44733,4.312229701869643,1.6877702981303568,86.24459403739286,33.755405962607135,31.552734375,26.308718906581852,0.0,-12.498359991572526,533.4844322344322,188.87912087912088,2.365193432879091,2.333667730962139,-0.7093237226241548
44766,4.275300507588329,1.7246994924116705,85.50601015176659,34.49398984823341,31.376953125,25.89169405272181,-5.268216802747083,-12.498359991572526,528.1996336996336,196.71520146520143,2.365193432879091,2.3723427064715645,-0.7385838856262712
44800,4.262491588050603,1.7375084119493978,85.24983176101205,34.75016823898795,29.970703125,25.476845050819335,-42.36678564380566,-12.498359991572526,519.9990842490843,202.91117216117217,2.365942692846092,2.3723427064715645,-0.25617839075453713
44833,4.2615700734743385,1.7384299265256613,85.23140146948677,34.76859853051322,28.30078125,25.059845193687742,-50.05105971766638,-12.498359991572526,514.8965201465202,208.3782051282051,2.4022733857319767,2.405440342752637,-0.018430291525268983
44866,4.239039999993048,1.7609600000069516,84.78079999986096,35.21920000013903,27.94921875,24.64360564925709,-10.556312448754557,-12.498359991572526,511.6163003663003,211.29395604395603,2.429674368302879,2.4091337196899993,-0.4506014696258006
44900,4.206545525462977,1.7934544745370227,84.13091050925955,35.86908949074045,27.94921875,24.226072049617315,0.0,-12.498359991572526,510.70512820512823,213.66300366300365,2.429674368302879,2.4469103013445963,-0.6498894906014093
44933,4.181260395026295,1.8187396049737046,83.62520790052591,36.37479209947409,27.421875,23.80860280406302,-15.787826521339724,-12.498359991572526,507.97161172161174,216.2142857142857,2.429034607779052,2.4469103013445963,-0.5057026087336435
44966,4.1574110272926355,1.8425889727073643,83.14822054585271,36.85177945414729,26.806640625,23.393012474443847,-18.50240525323666,-12.498359991572526,503.05128205128216,218.7655677655677,2.4354513615243656,2.459450553919224,-0.47698735467319714
45000,4.133666493910299,1.8663335060897013,82.67332987820598,37.326670121794024,26.19140625,22.97572191792254,-18.42701824369604,-12.498359991572526,500.1355311355312,222.4102564102564,2.446426546502537,2.4649798363391757,-0.4748906676467372
45033,4.108202009832148,1.891797990167852,82.16404019664296,37.83595980335704,25.6640625,22.5606606814026,-15.879420786356976,-12.498359991572526,497.2197802197803,225.32600732600733,2.446426546502537,2.4788923301774988,-0.5092896815630229
45066,4.080802853628615,1.919197146371385,81.6160570725723,38.3839429274277,25.224609375,22.155199709313212,-13.138006443996822,-11.569455402847037,492.4816849816849,227.51282051282053,2.4591267766445877,2.4903198717833672,-0.547983124070653
45100,4.0573662556319725,1.9426337443680273,81.14732511263945,38.85267488736055,24.609375,21.78976229146058,-18.520073394468408,-10.431681317498732,489.9304029304029,231.521978021978,2.4677418461733707,2.4903198717833672,-0.46873195993285655
45133,4.035522926499459,1.9644770735005415,80.71045852998917,39.28954147001083,23.994140625,21.460055914503783,-18.396936920484855,-9.286291753026637,487.9258241758241,234.4377289377289,2.475718256686167,2.499556911164271,-0.43686658265027745
45166,4.013791947229035,1.9862080527709645,80.27583894458071,39.72416105541929,23.466796875,21.169821263408473,-15.836687475734,-8.14581193275783,484.28113553113553,236.26007326007323,2.475718256686167,2.5070808436616137,-0.43461958540845747
45200,3.9918249207280643,2.0081750792719357,79.83649841456129,40.16350158543871,23.02734375,20.917233574132435,-13.178609600252209,-7.003719871339307,481.1831501831502,240.08699633699635,2.4883181370987177,2.5176411147452993,-0.4393405300194252
45233,3.9733690515592825,2.0266309484407175,79.46738103118565,40.53261896881435,22.5,20.703238256223003,-15.855548602414808,-5.8645967202660225,479.9075091575092,243.18498168498166,2.4921323716346624,2.5176411147452993,-0.36911738337563826
45266,3.9574611335437284,2.0425388664562716,79.14922267087456,40.85077732912543,21.97265625,20.526187455719572,-15.76102676714988,-4.718642033885873,476.6272893772894,244.46062271062272,2.501508162805581,2.527811708780856,-0.31815836031107936
45300,3.9426456871628885,2.0573543128371115,78.85291374325777,41.14708625674223,21.533203125,20.388384145437634,-13.23429725381238,-3.581355700027366,474.62271062271066,246.46520146520146,2.501508162805581,2.5322430039553208,-0.29630892761679184
45333,3.9285501937929412,2.0714498062070588,78.57100387585882,41.42899612414118,21.181640625,20.287763654019148,-10.511993786900806,-2.435907123089465,474.07600732600736,249.19871794871793,2.5137559896427546,2.5389256566771454,-0.28190986739895557
45366,3.916964305629977,2.083035694370023,78.33928611259954,41.66071388740046,20.830078125,20.22561684197107,-10.552357794105275,-1.2948400214117848,470.613553113553,250.65659340659334,2.5197848761320345,2.5389256566771454,-0.23171776325928772
45400,3.906266847047017,2.093733152952983,78.12533694094034,41.87466305905966,20.56640625,20.2014749553609,-7.897359054055504,-0.15132974396635454,469.8846153846153,251.5677655677655,2.5247041242260493,2.545003111574013,-0.2139491716591922
45433,3.895609176057206,2.104390823942794,77.91218352114412,42.087816478855885,20.302734375,20.154525033863422,-7.932990729148456,-3.2350632582962104,468.97344322344316,254.301282051282,2.5247041242260493,2.5469476836165077,-0.21315341979622768
45466,3.883726593603028,2.116273406396972,77.67453187206056,42.325468127939445,20.0390625,19.98369498088737,-7.888770030633302,-6.987028136540524,466.23992673992666,253.93681318681317,2.5297704137116677,2.5504788061351493,-0.23765164908355715
45500,3.8677054428392785,2.1322945571607215,77.35410885678557,42.64589114321443,19.86328125,19.68886382582843,-5.279838300936425,-10.724312803286592,465.5109890109889,255.21245421245413,2.5319137919449637,2.5504788061351493,-0.32042301527498257
45533,3.849845718692504,2.150154281307496,76.99691437385007,43.003085626149925,19.599609375,19.27031255414314,-7.931373546293711,-14.456123934703246,464.2353479853479,257.39926739926733,2.5345658952377383,2.5541248835451675,-0.35719448293549305
45566,3.8297142052562014,2.1702857947437986,76.59428410512403,43.40571589487597,19.248046875,18.72377488733923,-10.50699663991327,-18.21214659298235,460.043956043956,258.31043956043953,2.5383124231706047,2.555754111325544,-0.40263026872604135
45600,3.809095980965492,2.190904019034508,76.18191961930984,43.81808038069016,18.720703125,18.05760391685679,-15.89122390843759,-21.937270379296496,459.3150183150183,260.3150183150182,2.5383124231706047,2.5590643143281726,-0.4123644858141975
45633,3.78418898976622,2.21581101023378,75.6837797953244,44.3162202046756,18.193359375,17.26408882658042,-15.82199343003058,-25.678693761675596,458.0393772893773,263.9597069597069,2.5447418310046284,2.5590643143281726,-0.49813982398544315
45666,3.753915412005916,2.246084587994084,75.07830824011833,44.921691759881675,17.666015625,16.345095907469062,-15.80946720481673,-29.423081564759133,452.20787545787545,265.9642857142857,2.554493573817722,2.565048661718908,-0.6054715552060709
45700,3.719127461482495,2.280872538517505,74.38254922964991,45.617450770350096,17.05078125,15.300386297021811,-18.43074937013012,-33.17023824029758,451.66117216117215,268.69780219780216,2.5582203633042746,2.5686946682958323,-0.6957590104684269
45733,3.6814240697709044,2.318575930229095,73.62848139541809,46.3715186045819,16.259765625,14.1333426847852,-23.74966916918715,-36.90903407908974,448.01648351648345,272.7069597069597,2.5582203633042746,2.574477048848024,-0.7540678342318127
45766,3.6390174114790277,2.360982588520972,72.78034822958055,47.21965177041944,15.380859375,12.841711554797698,-26.387317857656882,-40.648000432440156,441.63827838827837,277.6272893772893,2.5724582035860273,2.574477048848024,-0.8481331658375328
45800,3.589704466980871,2.410295533019129,71.79408933961743,48.20591066038257,14.58984375,11.48420359126856,-23.718335634310186,-40.7048481694672,437.81135531135527,281.8186813186813,2.5820216436454215,2.584544821940771,-0.9862588899631255
45833,3.536544805037654,2.4634551949623456,70.73089610075309,49.269103899246915,13.7109375,10.122371037821704,-26.27029686645091,-40.7048481694672,431.79761904761904,289.1080586080587,2.5901481274552314,2.5905835059472393,-1.0631932388643437
45866,3.4842472281810717,2.5157527718189288,69.68494456362143,50.31505543637857,12.568359375,8.767840486405515,-34.335489185721165,-40.7048481694672,427.42399267399264,294.39285714285717,2.5901481274552314,2.59944119852379,-1.0459515371316526
45900,3.4286913049579426,2.5713086950420574,68.57382609915885,51.42617390084115,11.42578125,7.413324995660895,-34.33587095730617,-40.7048481694672,419.22344322344316,300.58882783882785,2.601701011971227,2.59944119852379,-1.1111184644625793
45933,3.369727317028435,2.630272682971565,67.39454634056871,52.60545365943129,10.283203125,6.056002376634349,-34.264859693589116,-40.7048481694672,412.4807692307692,309.33608058608064,2.613424488312726,2.6079475131870855,-1.1792797585901422
45966,3.3073098146839595,2.6926901853160405,66.1461962936792,53.853803706320804,9.140625,4.6990702391035555,-34.27472001990523,-40.7048481694672,405.73809523809524,315.5320512820513,2.6170809793480694,2.615181714097394,-1.2483500468895112
46000,3.2453343266698162,2.7546656733301838,64.90668653339632,55.093313466603675,7.822265625,3.340530259970004,-39.50094882477752,-40.7048481694672,397.90201465201466,322.4569597069597,2.6170809793480694,2.6229422023914446,-1.2395097602828753
46033,3.183176235418819,2.816823764581181,63.663524708376386,56.336475291623614,6.416015625,1.981696310607182,-42.12523006593597,-40.7048481694672,391.34157509157507,331.2042124542124,2.6213638111830293,2.6229422023914446,-1.2431618250199423
46066,3.115671620720935,2.884328379279065,62.31343241441869,57.68656758558131,5.185546875,0.629528879020028,-37.04130307829837,-40.7048481694672,381.86538461538464,339.5869963369963,2.628977555662567,2.628491148994816,-1.350092293957695
46100,3.0471859468940243,2.9528140531059757,60.94371893788048,59.05628106211952,3.8671875,-0.728677157442676,-39.510660939138276,-40.7048481694672,374.5760073260073,345.0540293040293,2.628629155886625,2.6342885198915513,-1.3697134765382109
46133,2.9826992850763063,3.0173007149236937,59.653985701526125,60.346014298473875,2.28515625,-2.086811160565383,-47.38920162635535,-40.295002275154495,366.7399267399268,353.9835164835164,2.628629155886625,2.6388300555912934,-1.2897332363543563
46166,2.9167426361503273,3.0832573638496727,58.33485272300655,61.66514727699345,0.87890625,-3.3641017709022174,-42.3094493713821,-36.563966486570564,358.17490842490844,361.2728937728938,2.6337642892532953,2.6392946855375965,-1.3191329785195798
46200,2.8527721313652354,3.1472278686347646,57.05544262730471,62.94455737269529,-0.52734375,-4.521780970956037,-42.139582657748306,-32.81789071069003,350.3388278388278,369.4734432234432,2.634341315172887,2.6392946855375965,-1.2794100957018402
46233,2.794050725181637,3.205949274818363,55.88101450363274,64.11898549636726,-2.021484375,-5.552101887632711,-44.88187175977895,-29.080876353086804,342.68498168498166,378.03846153846155,2.6326305670029004,2.6429608981865327,-1.1744281236719687
46266,2.736241490190997,3.2637585098090027,54.72482980381994,65.27517019618006,-3.33984375,-6.461673851266932,-39.43063256174314,-25.327653774025293,335.21336996337,384.05219780219784,2.6326305670029004,2.642584873381166,-1.1561846998128051
46300,2.6813080621738705,3.3186919378261304,53.626161243477405,66.3738387565226,-4.5703125,-7.243174652371974,-36.93411366057542,-21.587864257366125,328.10622710622704,392.0705128205128,2.6316886811395475,2.642601385805574,-1.0986685603425326
46333,2.6337111538518574,3.3662888461481426,52.67422307703715,67.32577692296285,-5.888671875,-7.899467993143132,-39.61326404707936,-17.85194539287852,321.36355311355305,398.63095238095235,2.6276762311833117,2.642601385805574,-0.9519381664402561
46366,2.5892865142093724,3.410713485790627,51.785730284187444,68.21426971581255,-7.03125,-8.43267516863531,-34.240500968699514,-14.106098279552963,314.6208791208791,404.2802197802198,2.6241072662217078,2.642609715140328,-0.8884927928497022
46400,2.547964447417268,3.452035552582732,50.95928894834536,69.04071105165464,-7.998046875,-8.840321228275634,-29.020161603658977,-10.366373309387663,309.1538461538462,409.3827838827839,2.6241072662217078,2.641183926933678,-0.826441335842083
46433,2.5115612796944733,3.4884387203055267,50.23122559388946,69.76877440611054,-8.876953125,-9.123347838483612,-26.385762814727677,-6.627186600338948,304.78021978021974,416.30769230769226,2.6212900395105536,2.638266568439966,-0.7280633544558945
46466,2.482622887968667,3.5173771120313337,49.65245775937334,70.34754224062667,-9.755859375,-9.281866584877276,-26.373710507063688,-2.8862911507389746,300.9532967032967,419.7701465201465,2.6175233105269347,2.638266568439966,-0.578767834516122
46500,2.45601074262884,3.54398925737116,49.120214852576794,70.8797851474232,-10.37109375,-9.31824303957423,-18.38797667618907,0.18839614175431396,296.9441391941392,423.9615384615384,2.6117649405411165,2.6367503508253045,-0.5322429067965494
46533,2.435342774489495,3.564657225510505,48.7068554897899,71.2931445102101,-10.986328125,-9.29861326264173,-18.54702698947502,0.9951333142013556,295.1217948717949,428.3351648351648,2.6117649405411165,2.6319554781086003,-0.4133593627868947
46566,2.416935968648655,3.583064031351345,48.3387193729731,71.6612806270269,-11.42578125,-9.251751650593858,-13.144461373126166,1.808217552609123,290.930402930403,428.88186813186815,2.607483115314811,2.629686312733979,-0.3681361168168024
46600,2.401906172887316,3.598093827112684,48.038123457746316,71.96187654225369,-11.77734375,-9.177889877452998,-10.537620756484003,2.619600282113587,289.1080586080587,430.3397435897436,2.6050218167281853,2.629686312733979,-0.30059591522678664
46633,2.391952708917421,3.608047291082579,47.83905417834842,72.16094582165158,-12.12890625,-9.077135624216485,-10.553976876642965,3.429725563968336,289.2902930402931,432.8910256410256,2.601322625693784,2.6295942030734527,-0.1990692793978932
46666,2.387466162587526,3.6125338374124736,47.74932325175052,72.25067674824948,-12.48046875,-8.94919637603247,-10.539129793047831,4.240992116309208,287.4679487179488,432.8910256410256,2.6010676076596413,2.627007826549193,-0.08973092659790247
46700,2.3828288255746504,3.61717117442535,47.65657651149301,72.343423488507,-12.568359375,-8.794166687520557,-2.6343393358339697,5.052395128781416,286.3745421245422,434.8956043956044,2.6010676076596413,2.625235486598898,-0.09274674025751217
46733,2.3822971008720626,3.617702899127937,47.64594201744125,72.35405798255874,-12.65625,-8.613047213870061,-2.6476257767923723,5.859726320260955,287.4679487179488,435.8067765567765,2.598813179594569,2.625235486598898,-0.010634494051755705
46766,2.384199248229426,3.6158007517705744,47.68398496458852,72.31601503541148,-12.65625,-8.403398503458426,0.0,6.673361798536219,286.5567765567766,434.16666666666663,2.598780687305212,2.6250976021973584,0.03804294714726579
46800,2.390145636360684,3.609854363639315,47.80291272721369,72.1970872727863,-12.65625,-8.167506818452212,0.0,7.483821725381737,286.3745421245422,433.98443223443223,2.5989975991315295,2.624446668331985,0.11892776262517138
46833,2.4004456879575344,3.599554312042465,48.008913759150694,71.9910862408493,-12.65625,-7.90476717835125,0.0,8.293811471149482,288.1968864468865,434.8956043956044,2.5989975991315295,2.6242925048022587,0.20600103193700803
46866,2.4154350603834063,3.5845649396165937,48.30870120766812,71.69129879233188,-12.65625,-7.614264349433561,0.0,9.105901283995596,286.5567765567766,433.8021978021977,2.59917990017516,2.6242925048022587,0.2997874485174302
46900,2.4354273304671894,3.56457266953281,48.70854660934379,71.2914533906562,-12.65625,-7.298051842528842,0.0,9.914539463190618,288.1968864468865,433.0732600732601,2.5993999982953984,2.624510593779576,0.39984540167567206
46933,2.460771432037217,3.539228567962783,49.215428640744335,70.78457135925566,-12.65625,-6.954654049570441,0.0,10.723854082385813,289.1080586080587,433.43772893772893,2.5997454547547165,2.622506442506373,0.5068820314005463
46966,2.491558344347737,3.508441655652263,49.83116688695473,70.16883311304527,-12.65625,-6.588089295086156,0.0,11.047877651837013,288.5613553113553,431.61538461538464,2.5997454547547165,2.6212623218005224,0.6157382462103994
47000,2.5278008699817383,3.4721991300182617,50.55601739963477,69.44398260036523,-12.65625,-6.2190503318016175,0.0,11.047877651837013,288.5613553113553,431.79761904761904,2.6006073286953075,2.6212623218005224,0.7248505126800309
47033,2.569631325210393,3.4303686747896074,51.39262650420786,68.60737349579215,-12.65625,-5.851405643840872,0.0,11.047877651837013,293.1172161172161,429.42857142857144,2.6020714851452666,2.62089077370054,0.8366091045730908
47066,2.5970405670499543,3.4029594329500457,51.94081134099908,68.05918865900091,-11.77734375,-5.483739887584218,26.409989378115043,11.047877651837013,300.58882783882785,419.7701465201465,2.6203263854067766,2.6130383690922767,0.5481848367912222
47100,2.5948648910771466,3.4051351089228534,51.89729782154293,68.10270217845706,-9.66796875,-5.115354174267015,63.26009961677697,11.047877651837013,307.8782051282051,413.7564102564102,2.6203263854067766,2.6175233105269347,-0.04351351945615478
47133,2.6069901793558086,3.393009820644192,52.13980358711617,67.86019641288384,-8.701171875,-4.746814409365314,28.98209258918719,11.047877651837013,313.5274725274725,410.1117216117216,2.6149025043914955,2.6175233105269347,0.2425057655732394
47166,2.636144123309025,3.363855876690975,52.722882466180494,67.2771175338195,-8.61328125,-4.379244813823602,2.641689855529132,11.047877651837013,313.709706959707,406.64926739926744,2.620979106649527,2.6341665005073813,0.5830788790643251
47200,2.667274749475284,3.3327252505247156,53.345494989505674,66.65450501049432,-8.4375,-4.010754963217715,5.270185163292404,11.047877651837013,317.3543956043956,404.09798534798534,2.6284418634530704,2.629849075807509,0.6226125233251809
47233,2.693743148574007,3.306256851425993,53.87486297148014,66.12513702851986,-7.91015625,-3.6416804036961494,15.785507508329077,11.047877651837013,320.2701465201465,401.7289377289377,2.6284418634530704,2.628167339361119,0.5293679819744688
47266,2.716685918750613,3.283314081249387,54.33371837501225,65.66628162498775,-7.20703125,-3.273394530063553,21.092416326826893,11.047877651837013,322.6391941391941,397.53754578754575,2.630166521777357,2.6294362498980353,0.45885540353211507
47300,2.7406379053132586,3.2593620946867414,54.81275810626517,65.18724189373482,-6.591796875,-2.904924532469742,18.446641915462603,11.047877651837013,326.4661172161172,394.62179487179486,2.6303358594713164,2.6294362498980353,0.479039731252921
47333,2.766180077998632,3.233819922001368,55.32360155997264,64.67639844002737,-6.064453125,-2.5366554405817596,15.820033119241664,11.047877651837013,329.74633699633694,391.70604395604397,2.632049309657314,2.6325499262021332,0.5108434537074646
47366,2.791896461963487,3.208103538036513,55.83792923926974,64.16207076073026,-5.537109375,-2.1694800774968748,15.867157266524046,11.047877651837013,333.0265567765568,388.2435897435897,2.632049309657314,2.6327969457682383,0.5143276792971034
47400,2.8158003252212613,3.1841996747787387,56.31600650442523,63.68399349557477,-4.921875,-1.8002727335162707,18.409802006975998,11.047877651837013,334.6666666666667,385.5100732600733,2.636449768786999,2.632805228791391,0.4780772651554892
47433,2.8384964724572144,3.1615035275427856,56.769929449144286,63.230070550855714,-4.306640625,-1.4457270978723678,18.504868370811284,10.259911603306593,338.4935897435897,383.14102564102564,2.636877356357633,2.632805228791391,0.45392294471905476
47466,2.8637781019461968,3.1362218980538032,57.27556203892393,62.72443796107607,-3.8671875,-1.116707771500486,13.161301664060508,9.447867731230241,341.95604395604397,377.49175824175825,2.6371134770366376,2.6343296797128293,0.5056325897796459
47500,2.8866976827942183,3.1133023172057817,57.73395365588436,62.26604634411564,-3.33984375,-0.8148820617113214,15.797925260454242,8.636048139329631,343.96062271062266,375.48717948717945,2.6371134770366376,2.6350372558492476,0.4583916169604328
47533,2.9062295936696945,3.0937704063303055,58.12459187339388,61.87540812660612,-2.724609375,-0.540662812818825,18.466789655767545,7.825805731759079,347.6053113553113,373.66483516483515,2.6403467541922865,2.6347602430811765,0.3906382175095215
47566,2.92333323362896,3.07666676637104,58.4666646725792,61.5333353274208,-2.109375,-0.2938318467393669,18.498006553251344,7.016930674454155,350.15659340659334,371.29578754578756,2.639812398044961,2.6347602430811765,0.34207279918531613
47600,2.9417422772047552,3.0582577227952448,58.8348455440951,61.1651544559049,-1.669921875,-0.0726797652461788,13.134974117983097,6.20325915376069,351.4322344322344,367.6510989010989,2.640808281276485,2.636372155903487,0.36818087151590095
47633,2.960448189376113,3.039551810623887,59.20896378752226,60.79103621247774,-1.318359375,0.12047568726044044,10.553254864470636,5.39307844632188,355.07692307692304,367.1043956043956,2.640808281276485,2.6355783132559893,0.37411824342715205
47666,2.977879725939583,3.022120274060417,59.55759451879165,60.44240548120835,-0.966796875,0.28662387139626155,10.55446957402222,4.582990982246645,355.441391941392,363.8241758241759,2.6431449209135094,2.6353754335838158,0.34863073126939353
47700,2.9937541816230375,3.0062458183769625,59.87508363246074,60.12491636753926,-0.615234375,0.4259382787956283,10.541909866615613,3.7719383741271826,359.08608058608064,362.91300366300374,2.642445766002925,2.6353754335838158,0.3174891136690899
47733,3.0057319876423305,2.9942680123576695,60.11463975284661,59.88536024715339,-0.17578125,0.5379725274602303,13.208456423944924,2.9627935337449487,361.4551282051283,361.4551282051283,2.6426262277975767,2.6362137372406065,0.23955612038585994
47766,3.016830521094727,2.983169478905273,60.33661042189454,59.66338957810546,0.17578125,0.6233002162065204,10.535258402648562,2.151228865361551,361.2728937728938,358.7216117216118,2.6439455484061343,2.6355701626883783,0.22197066904793755
47800,3.027386676628008,2.972613323371992,60.54773353256016,59.45226646743984,0.439453125,0.6813921722407906,7.928683759986108,1.3424524261659996,364.18864468864473,357.44597069597074,2.6439455484061343,2.6353787807628013,0.21112311066561767
47833,3.037824137341788,2.962175862658212,60.75648274683575,59.24351725316425,0.615234375,0.7126479040757613,5.267935931227452,0.5309350118030379,365.2820512820513,357.2637362637363,2.6436849682722947,2.6353787807628013,0.2087492142755926
47866,3.0449476374797375,2.9550523625202625,60.89895274959475,59.10104725040525,0.87890625,0.721220895686422,7.885183165372226,0.478564976811702,365.6465201465202,354.5302197802197,2.6439573938730736,2.6361773379109015,0.14247000275899807
47900,3.052913100237332,2.947086899762668,61.05826200474664,58.94173799525336,1.0546875,0.760054814699657,5.275369445739289,1.8523237820375273,366.5576923076923,353.07234432234424,2.6444081657238514,2.6355090346364243,0.15930925515189065
47933,3.0607076800753497,2.9392923199246503,61.214153601507,58.785846398493,1.23046875,0.8443093622873251,5.292839355330955,3.2215482644704494,368.7445054945055,354.71245421245413,2.6444081657238514,2.635236749556134,0.1558915967603615
47966,3.068688458294788,2.931311541705212,61.37376916589576,58.62623083410424,1.40625,0.9749653456063412,5.2608500218940515,4.599098507633337,368.92673992673997,351.6144688644688,2.644444735659332,2.635236749556134,0.159615564388757
48000,3.0771768248740954,2.9228231751259046,61.54353649748191,58.45646350251809,1.58203125,1.1513028480158476,5.270000932145176,5.974256751477076,369.8379120879121,351.9789377289377,2.6443337116796988,2.6361327861574186,0.16976733158614848
48033,3.0865300338617567,2.9134699661382433,61.73060067723513,58.26939932276487,1.7578125,1.3729958583041895,5.281054470700445,7.3465367131988915,370.74908424908426,351.24999999999994,2.6444577547394648,2.6354397587484013,0.1870641797532202
48066,3.097136873794345,2.902863126205655,61.9427374758869,58.0572625241131,1.93359375,1.640501664199254,5.278578941173738,8.719460241987148,371.1135531135531,349.9743589743589,2.6444577547394648,2.63519222164453,0.2121367986517692
48100,3.1074068566653734,2.8925931433346266,62.148137133307465,57.851862866692535,2.197265625,1.9549447567435165,7.88929002495807,10.097357087706573,372.0247252747253,348.33424908424905,2.644756195969919,2.63519222164453,0.20539965742056382
48133,3.1190176017801288,2.8809823982198712,62.38035203560257,57.61964796439743,2.4609375,2.314755887599979,7.903373337615136,11.472798608179613,373.48260073260076,348.88095238095235,2.644285442565009,2.63591324695365,0.2322149022951054
48166,3.132346963594754,2.867653036405246,62.64693927189507,57.35306072810493,2.724609375,2.718719561376222,7.9354978657190305,12.842672058378124,374.5760073260073,345.782967032967,2.644224011057754,2.635033909320895,0.2665872362925012
48200,3.1478583707002286,2.8521416292997714,62.95716741400457,57.04283258599543,2.98828125,3.169810095964479,7.908535870613528,14.21721571831756,376.3983516483516,344.50732600732596,2.644224011057754,2.6349399181286195,0.31022814210950256
48233,3.163214615023358,2.836785384976642,63.26429230046716,56.73570769953284,3.33984375,3.648769311188989,10.544234091304919,14.374135200383073,379.13186813186815,343.23168498168496,2.644335028128615,2.6349399181286195,0.3071248864625861
48266,3.1776874312106647,2.8223125687893353,63.55374862421329,56.44625137578671,3.779296875,4.12760523207725,13.191906365886222,14.374135200383073,379.6785714285715,340.315934065934,2.6438725762359314,2.6350372558492476,0.2894563237461298
48300,3.1926254709187596,2.8073745290812404,63.852509418375185,56.147490581624815,4.21875,4.606823404385809,13.18138375794651,14.374135200383073,382.2298534798535,338.8580586080586,2.6429608981865327,2.6346512831183517,0.2987607941618913
48333,3.2100692669526474,2.7899307330473526,64.20138533905295,55.79861466094705,4.5703125,5.086831090396441,10.527762478938183,14.374135200383073,384.5989010989011,337.2179487179487,2.6429608981865327,2.634415493042968,0.3488759206777659
48366,3.2287224832091677,2.7712775167908323,64.57444966418335,55.42555033581665,4.921875,5.5656502510242065,10.553894501129196,14.374135200383073,384.2344322344323,335.21336996337,2.643197982664125,2.6326058658234275,0.37306432513039717
48400,3.2466617400017297,2.7533382599982694,64.9332348000346,55.066765199965396,5.361328125,6.045618810621185,13.160775860579115,14.374135200383073,388.0613553113553,333.39102564102564,2.6413759415758213,2.6326058658234275,0.358785135851257
48433,3.2691971525998995,2.7308028474001005,65.38394305199799,54.61605694800201,5.625,6.523575523158715,7.929703842146383,14.374135200383073,391.15934065934067,329.9285714285714,2.6404162236515467,2.6324889031941674,0.4507082519633908
48466,3.289801341149424,2.710198658850576,65.79602682298848,54.20397317701152,6.064453125,7.003031127418556,13.174856184510196,14.374135200383073,391.88827838827837,327.1950549450549,2.6404162236515467,2.630056250666153,0.41208377099049226
48500,3.311125948275415,2.6888740517245844,66.2225189655083,53.77748103449169,6.50390625,7.483037490996589,13.159739354067867,14.374135200383073,394.257326007326,324.8260073260073,2.6407306218265543,2.6287178803423195,0.4264921425198267
48533,3.3311004085296894,2.6688995914703106,66.62200817059379,53.377991829406206,7.03125,7.960348962945893,15.880846795113497,14.374135200383073,398.26648351648345,323.55036630036625,2.6379444486104995,2.6287178803423195,0.39948920508549324
48566,3.3528201142427325,2.6471798857572675,67.05640228485466,52.94359771514535,7.470703125,8.436283183426902,13.156784826970588,13.78705807367503,400.0888278388278,320.0879120879121,2.638050260653766,2.627452821802465,0.4343941142608622
48600,3.3762102520759525,2.6237897479240466,67.52420504151905,52.47579495848094,7.822265625,8.871780850814043,10.576690585111956,12.416670017300415,403.0045787545788,317.9010989010989,2.638050260653766,2.6246974661725826,0.4678027566644049
48633,3.3956743441182997,2.6043256558816994,67.913486882366,52.08651311763399,8.349609375,9.263645638325514,15.782567541686609,11.03912129949607,405.5558608058608,315.1675824175824,2.6389311087253793,2.6209841585054634,0.3892818408469537
48666,3.4133632306719046,2.5866367693280954,68.26726461343809,51.73273538656191,8.876953125,9.60848766380524,15.83133506711479,9.665816042008826,407.742673992674,311.34065934065933,2.6368046766099957,2.6209841585054634,0.3537777310720849
48700,3.432889850718337,2.567110149281663,68.65779701436674,51.342202985633264,9.228515625,9.907450665652592,10.559347702286441,8.293177233016033,410.84065934065933,310.06501831501834,2.634379130950472,2.620588137311187,0.39053240092864633
48733,3.449225429898479,2.5507745701015208,68.98450859796958,51.01549140203041,9.66796875,10.16090350276549,13.188284691043126,6.919403956832225,412.4807692307692,308.4249084249084,2.634379130950472,2.617797753372302,0.32671158360285113
48766,3.4632806929360176,2.5367193070639833,69.26561385872034,50.734386141279664,10.107421875,10.36947588732906,13.124629121538671,5.538967763208565,413.3919413919414,305.69139194139194,2.6347403126496336,2.6146939534178726,0.28110526075075704
48800,3.474512048895366,2.525487951104634,69.49024097790732,50.50975902209268,10.546875,10.530850848944663,13.217181516943263,4.168197978134965,417.40109890109886,303.6868131868132,2.6323211008623075,2.6146939534178726,0.22462711918697348
48833,3.486536197485317,2.513463802514683,69.73072394970634,50.269276050293655,10.810546875,10.646930788962974,7.90638853965637,2.793280999816581,419.4056776556776,302.77564102564105,2.6305876471144125,2.6150722401508824,0.2404829717990251
48866,3.496277520235451,2.503722479764549,69.92555040470901,50.074449595290986,11.07421875,10.717216782631,7.896623253810711,1.4166637431797575,419.58791208791206,302.0467032967033,2.630554702237507,2.6121427353961275,0.19482645500267035
48900,3.503277239006254,2.4967227609937455,70.06554478012508,49.93445521987491,11.337890625,10.74153260404929,7.9207709538478905,0.04424331798433902,421.22802197802196,300.04212454212455,2.630554702237507,2.610082588148075,0.13999437541607085
48933,3.5102300348170394,2.489769965182961,70.20460069634079,49.79539930365922,11.513671875,10.749003080381705,5.269275352550232,0.4612907339855326,422.50366300366295,300.04212454212455,2.6287344079431265,2.610082588148075,0.1390559162157054
48966,3.5158934307706495,2.4841065692293505,70.31786861541299,49.68213138458701,11.689453125,10.772319210435958,5.273045554501358,0.9375730917156007,423.05036630036625,298.7664835164835,2.628211834273666,2.6102355012180793,0.11326791907220074
49000,3.522339738890415,2.4776602611095853,70.44679477780831,49.5532052221917,11.77734375,10.811334201058553,2.6465465415895006,1.4120515355383934,423.59706959706955,297.85531135531136,2.6281427009705483,2.6084120351356703,0.12892616239531163
49033,3.5263564372934644,2.4736435627065356,70.52712874586929,49.47287125413071,11.953125,10.866434040116024,5.265574891173975,1.8890096305273385,422.8681318681318,297.6730769230769,2.6281427009705483,2.6076226221823626,0.08033396806098447
49066,3.5313355863890363,2.4686644136109637,70.62671172778073,49.37328827221928,12.041015625,10.937208576692125,2.6410709179318,2.3644717909835715,424.3260073260073,296.76190476190476,2.627231179175061,2.6076226221823626,0.09958298191143113
49100,3.5360917295905603,2.46390827040944,70.7218345918112,49.278165408188805,12.12890625,11.024250672398182,2.628700110598111,2.8421715025236085,424.3260073260073,296.3974358974359,2.626607253706683,2.607931181237591,0.09512286403046631
49133,3.540733788154441,2.459266211845559,70.81467576308883,49.18532423691117,12.216796875,11.126649140700476,2.6433641144539566,3.3172211854982816,425.60164835164835,296.3974358974359,2.6263971561444577,2.6061376065628963,0.09284117127763013
49166,3.545409662319003,2.454590337680997,70.90819324638007,49.091806753619935,12.3046875,11.245410872696638,2.631511620173157,3.7944105222017814,424.8727106227106,295.1217948717949,2.6263971561444577,2.6052809926142886,0.09351748329123535
49200,3.5482423266763483,2.4517576733236517,70.96484653352697,49.035153466473034,12.48046875,11.380169011205677,5.260861673149387,4.271795925040645,425.60164835164835,294.2106227106227,2.6261739098639074,2.6052809926142886,0.05665328714689818
49233,3.5526515716097005,2.4473484283902995,71.053031432194,48.946968567805996,12.568359375,11.529870300706852,2.647247701296212,4.746148696767718,426.3305860805861,294.5750915750916,2.625120606290019,2.6052648287488704,0.088184898667034
49266,3.557488596107067,2.442511403892933,71.14977192214134,48.85022807785866,12.65625,11.695848091570026,2.6392145760840773,5.221945282591809,427.24175824175825,293.1172161172161,2.6246925482223284,2.6043487408543475,0.09674048994733767
49300,3.5629128440832654,2.4370871559167346,71.2582568816653,48.741743118334696,12.744140625,11.87805940672954,2.633820441313413,5.6987163125606495,428.5173992673993,293.6639194139195,2.6246925482223284,2.6030655150040305,0.10848495952396356
49333,3.569090061898677,2.430909938101323,71.38180123797353,48.618198762026466,12.83203125,12.076405998826749,2.630942646820556,6.176008847263184,428.88186813186815,294.757326007326,2.6247663189275015,2.6030655150040305,0.12354435630822619
49366,3.5761859976091968,2.4238140023908032,71.52371995218394,48.47628004781606,12.919921875,12.29032014503411,2.6354145625278402,6.652491485863129,427.970695970696,292.5705128205128,2.623581156813759,2.6033702649108426,0.14191871421040397
49400,3.5823512757952702,2.4176487242047298,71.64702551590541,48.35297448409459,13.095703125,12.519262012509474,5.29003116362736,7.127244562250273,429.61080586080584,290.2014652014652,2.623201022343844,2.60181564319314,0.12330556372147457
49433,3.589071665899212,2.410928334100788,71.78143331798424,48.21856668201576,13.271484375,12.764602754497304,5.277008873953186,7.6031692061356155,430.8864468864469,291.2948717948718,2.623201022343844,2.6008467269937174,0.13440780207882438
49466,3.5965179112444274,2.4034820887555726,71.93035822488855,48.06964177511146,13.447265625,13.027069549218758,5.252175538028448,8.081344116881022,430.521978021978,290.2014652014652,2.623002749243689,2.599957353578103,0.14892490690430787
49500,3.604808412805763,2.395191587194237,72.09616825611526,47.90383174388474,13.623046875,13.303703240951421,5.286074654290826,8.55645253538914,432.34432234432234,289.1080586080587,2.621677989221199,2.599957353578103,0.1658100312267083
49533,3.6141516400123637,2.3858483599876363,72.28303280024727,47.71696719975273,13.798828125,13.597563843792207,5.261065893249015,9.03381940744042,433.61996336996333,288.5613553113553,2.620362456933505,2.5984301513570904,0.1868645441320047
49566,3.6245856891757997,2.3754143108242003,72.49171378351599,47.508286216484,13.974609375,13.904958056353252,5.2799088734666455,9.318083487753496,432.8910256410256,285.46336996337004,2.620362456933505,2.596535066438274,0.20868098326872564
49600,3.634053714259123,2.365946285740877,72.68107428518246,47.31892571481754,14.23828125,14.215880371901735,7.902027039417821,9.318083487753496,434.16666666666663,285.46336996337004,2.619229301225521,2.5944114721446145,0.18936050166646665
49633,3.6438720870692176,2.3561279129307824,72.87744174138435,47.12255825861565,14.501953125,14.52610677568953,7.919753169375918,9.318083487753496,436.17124542124543,284.5521978021977,2.6177046828780726,2.5944114721446145,0.19636745620188842
49666,3.6540710986566354,2.3459289013433646,73.0814219731327,46.918578026867294,14.765625,14.836432053679165,7.917229819430251,9.318083487753496,436.5357142857142,282.9120879120878,2.61682292060699,2.5934931461611357,0.20398023174836116
49700,3.6646916284370015,2.3353083715629985,73.29383256874003,46.70616743125997,15.029296875,15.147850305556595,7.889442991252475,9.318083487753496,439.08699633699626,282.1831501831501,2.61682292060699,2.5915681212652797,0.2124105956073236
49733,3.67572284599801,2.3242771540019898,73.5144569199602,46.4855430800398,15.29296875,15.458458396686177,7.910021067665989,9.318083487753496,441.63827838827837,280.72527472527463,2.6145261239610766,2.589869798015131,0.22062435122017404
49766,3.6871885543506595,2.3128114456493405,73.74377108701319,46.25622891298681,15.556640625,15.7687779813065,7.917375075210167,9.318083487753496,440.9093406593406,279.44963369963364,2.613287533369557,2.589869798015131,0.22931416705299257
49800,3.699117414291927,2.300882585708073,73.98234828583854,46.01765171416146,15.8203125,16.079362441788966,7.910622897249559,9.318083487753496,444.00732600732596,277.080586080586,2.6111107782360774,2.5891239319143162,0.23857719882535067
49833,3.7115092347873646,2.288490765212636,74.23018469574728,45.76981530425272,16.083984375,16.38917125567881,7.930428168825739,9.318083487753496,444.3717948717948,277.4450549450549,2.6111107782360774,2.5860409827314723,0.24783640990874053
49866,3.724410128454788,2.2755898715452116,74.48820256909576,45.51179743090423,16.34765625,16.699785384896533,7.909867303236328,9.318083487753496,444.7362637362637,274.7115384615384,2.6095789020481313,2.583060691691239,0.25801787334848597
49900,3.735827696546667,2.264172303453333,74.71655393093334,45.283446069066656,16.69921875,17.010891313274843,10.529817748055954,9.318083487753496,446.74084249084245,273.98260073260064,2.606113134193852,2.583060691691239,0.22835136183757995
49933,3.7470469436730154,2.2529530563269846,74.94093887346031,45.05906112653969,17.05078125,17.321676625037256,10.540680663401739,9.318083487753496,449.47435897435895,272.5247252747252,2.6033895546803736,2.5820378739493357,0.2243849425269713
49966,3.7600494534411566,2.2399505465588434,75.20098906882313,44.79901093117687,17.314453125,17.6315020064823,7.930004098319142,9.318083487753496,449.47435897435895,270.7023809523809,2.601780096711223,2.5788252837096453,0.26005019536281515
50000,3.773591248829563,2.226408751170437,75.47182497659125,44.52817502340874,17.578125,17.943324383646555,7.879218184935746,9.318083487753496,451.4789377289377,269.60897435897436,2.601780096711223,2.575305018168544,0.270835907768122
50033,3.7856014271377263,2.2143985728622737,75.71202854275452,44.287971457245476,17.9296875,18.25291507983967,10.581353918077516,9.318083487753496,453.6657509157509,268.1510989010989,2.598864769481261,2.575305018168544,0.24020356616327498
50066,3.7994490703792816,2.2005509296207184,75.98898140758563,44.01101859241437,18.193359375,18.563312312029403,7.915394500427389,9.318083487753496,454.03021978021974,265.78205128205127,2.5958268646409635,2.573483478976806,0.2769528648311038
50100,3.8118321436930036,2.188167856306997,76.23664287386006,43.76335712613994,18.544921875,18.874756794335312,10.518371370425179,9.318083487753496,457.31043956043953,263.9597069597069,2.5929053438906466,2.5698111601066596,0.24766146627443372
50133,3.8260136373242375,2.1739863626757625,76.52027274648475,43.47972725351525,18.80859375,19.184667762391587,7.927814107490188,9.318083487753496,457.6749084249084,263.4130036630036,2.5929053438906466,2.565568165703985,0.2836298726246837
50166,3.83874198586154,2.16125801413846,76.7748397172308,43.2251602827692,19.16015625,19.496217501740205,10.514817739897714,9.318083487753496,459.1327838827838,261.5906593406593,2.589961671545213,2.565568165703985,0.2545669707460493
50200,3.851256972658402,2.148743027341598,77.02513945316804,42.974860546831955,19.51171875,19.806303099970176,10.564465892201207,9.318083487753496,460.4084249084249,260.4972527472527,2.5863053956409545,2.563985826653219,0.25029973593724175
50233,3.8633516204180216,2.1366483795819784,77.26703240836044,42.732967591639564,19.86328125,20.111969364894534,10.525299609355335,8.919017747630253,464.0531135531135,258.49267399267393,2.5825895129918353,2.560216893947383,0.24189295519240048
50266,3.8768040626303764,2.1231959373696236,77.53608125260753,42.46391874739247,20.126953125,20.400467332410383,7.934546967942574,8.444234767720467,465.3287545787545,256.12362637362634,2.5825895129918353,2.556401066767237,0.2690488442470999
50300,3.890224819422974,2.109775180577026,77.80449638845947,42.19550361154053,20.390625,20.674101875919842,7.907253496770692,7.967812979142112,466.0576923076922,255.21245421245413,2.5793006462335004,2.556401066767237,0.26841513585193627
50333,3.9014636640271503,2.0985363359728497,78.02927328054301,41.970726719457,20.7421875,20.93180505702777,10.544896040157928,7.491476643619861,467.88003663003656,254.301282051282,2.5751844029827557,2.55474732908768,0.22477689208353355
50366,3.911684286821947,2.088315713178053,78.23368573643894,41.76631426356106,21.09375,21.173955904907487,10.53010412403152,7.014471185832529,468.2445054945054,252.11446886446882,2.571160746690391,2.550549608777754,0.20441245589593637
50400,3.922704886345658,2.077295113654342,78.45409772691316,41.54590227308684,21.357421875,21.399591123960104,7.9189867911067555,6.5387552952713035,469.8846153846153,250.1098901098901,2.571160746690391,2.546765734645934,0.22041199047421633
50433,3.933071345829455,2.066928654170545,78.6614269165891,41.33857308341091,21.62109375,21.60910836295779,7.929924679893671,6.0636955682570415,471.70695970695965,250.65659340659334,2.5669012606575716,2.546765734645934,0.20732918967593458
50466,3.942678811373367,2.057321188626633,78.85357622746734,41.14642377253266,21.884765625,21.80417599311328,7.872870336124968,5.585193104373183,472.0714285714286,248.4697802197802,2.5643693657402125,2.544671408137578,0.19214931087824835
50500,3.9513207679327866,2.0486792320672134,79.02641535865573,40.97358464134427,22.1484375,21.98245278234809,7.908246013532822,5.10883110865031,475.3516483516484,247.19413919413918,2.5607165311927815,2.54133712802533,0.17283913118838812
50533,3.9608566320548606,2.03914336794514,79.21713264109721,40.7828673589028,22.32421875,22.144377850464313,5.288224538893959,4.6339158415990305,476.6272893772894,246.282967032967,2.5607165311927815,2.538459485396715,0.19071728244147493
50566,3.967835060861471,2.032164939138529,79.35670121722941,40.64329878277058,22.587890625,22.290726840418692,7.920295099147868,4.158278531812524,475.71611721611725,245.5540293040293,2.5568701031476864,2.535513251091204,0.13956857613221138
50600,3.9754188729834903,2.0245811270165097,79.5083774596698,40.4916225403302,22.763671875,22.42143718385988,5.271783425540847,3.681882146303136,475.89835164835165,244.46062271062272,2.5533702548104773,2.535513251091204,0.15167624244039254
50633,3.982141576311636,2.0178584236883634,79.64283152623273,40.35716847376727,22.939453125,22.5363428588982,5.267830789592427,3.205128304080677,477.720695970696,243.54945054945054,2.548780703614537,2.532899289519751,0.1344540665629325
50666,3.987853823103146,2.012146176896854,79.75707646206293,40.242923537937074,23.115234375,22.63546395133277,5.260657626410854,2.7277243847479844,476.80952380952385,242.0915750915751,2.548780703614537,2.530208044219141,0.1142449358302018
50700,3.9944016301616863,2.0055983698383137,79.88803260323373,40.111967396766275,23.203125,22.718473152489754,2.6359283141951724,2.25133461428437,478.99633699633705,243.00274725274727,2.546378121162943,2.527641648655433,0.13095614117080068
50733,3.9983262758665035,2.0016737241334965,79.96652551733007,40.03347448266993,23.37890625,22.785489801506234,5.281503994017766,1.775815032748385,480.27197802197804,241.5448717948718,2.5425298788361603,2.527641648655433,0.07849291409634807
50766,4.002795855961835,1.9972041440381658,80.05591711923668,39.94408288076332,23.466796875,22.836669554432238,2.6413899158955303,1.3004102933719037,479.5430402930403,239.72252747252747,2.5409846470115545,2.5268192045631777,0.08939160190660736
50800,4.004337417492785,1.9956625825072152,80.0867483498557,39.9132516501443,23.642578125,22.87207860776678,5.273534849795546,0.82417212663004,480.6364468864469,240.08699633699635,2.5409846470115545,2.52431144058842,0.030831230619018997
50833,4.006096853995341,1.9939031460046592,80.12193707990681,39.878062920093186,23.73046875,22.89161047451646,2.6374209105578332,0.3480519595641071,480.81868131868134,239.90476190476193,2.53992309992016,2.5224772204645314,0.03518873005111877
50866,4.008490209395576,1.991509790604424,80.16980418791152,39.830195812088476,23.73046875,22.894219327431276,0.0,-0.36414839757134665,481.00091575091574,238.99358974358975,2.5379979812547604,2.5224772204645314,0.04786710800470813
50900,4.0095836125521025,1.9904163874478973,80.19167225104205,39.80832774895795,23.73046875,22.859533984660366,0.0,-1.7185402040033426,481.36538461538464,238.62912087912088,2.537491090783867,2.5233309503031403,0.02186806313053095
50933,4.006989845123712,1.9930101548762875,80.13979690247425,39.86020309752575,23.818359375,22.77964687899958,2.6364041478415876,-3.0741142280971507,481.00091575091574,239.72252747252747,2.537491090783867,2.5213835312314448,-0.05187534856779818
50966,4.003608243272984,1.9963917567270164,80.07216486545967,39.92783513454033,23.818359375,22.65423976798119,0.0,-4.432705562551164,481.54761904761904,239.35805860805863,2.537053493922257,2.5212142555484225,-0.06763203701457701
51000,3.9977164292914424,2.0022835707085576,79.95432858582885,40.04567141417115,23.818359375,22.48397130043519,0.0,-5.787565718035021,481.9120879120879,239.35805860805863,2.5358489346692132,2.5212142555484225,-0.1178362796308225
51033,3.988884931185195,2.011115068814805,79.7776986237039,40.2223013762961,23.818359375,22.268471919532725,0.0,-7.142922889699629,481.54761904761904,239.35805860805863,2.535018637624469,2.522412216804339,-0.17662996212494575
51066,3.976669215711203,2.023330784288797,79.53338431422405,40.46661568577595,23.818359375,22.008019582815933,0.0,-8.497209258523275,480.27197802197804,239.35805860805863,2.5348379654149067,2.5213874807469447,-0.24431430947984636
51100,3.960605475982395,2.039394524017605,79.2121095196479,40.7878904803521,23.818359375,21.702595577036416,0.0,-9.850943716994513,480.81868131868134,240.2692307692308,2.5348379654149067,2.5214604803594454,-0.3212747945761462
51133,3.9401924643003134,2.0598075356996866,78.80384928600627,41.19615071399373,23.818359375,21.35071099047325,0.0,-11.209728522985744,481.1831501831502,240.2692307692308,2.534079517677993,2.5214604803594454,-0.4082602336416269
51166,3.914949274894308,2.085050725105692,78.29898549788616,41.701014502113836,23.818359375,20.955486895417902,0.0,-12.561827459845452,481.00091575091574,240.2692307692308,2.5331588854175577,2.522786737762412,-0.5048637881201005
51200,3.884335304072057,2.1156646959279426,77.68670608144114,42.313293918558855,23.818359375,20.513646979497537,0.0,-13.918765177737004,480.45421245421244,242.82051282051282,2.5331034796681595,2.521956852820779,-0.6122794164450178
51233,3.851854334339402,2.148145665660598,77.03708668678804,42.962913313211956,23.642578125,20.027741741621053,-5.280114574472377,-15.272463446750171,477.5384615384616,248.4697802197802,2.5331034796681595,2.5405619869812277,-0.6496193946530977
51266,3.838464554441846,2.1615354455581537,76.76929108883692,43.23070891116307,22.412109375,19.494406802572502,-36.803676129623504,-16.63194105820836,468.6089743589743,254.301282051282,2.533926935967537,2.5405619869812277,-0.26779559795111574
51300,3.834536455867493,2.165463544132507,76.69072911734986,43.30927088265014,20.91796875,18.91917187255694,-44.955694379228284,-17.98338935627168,462.9597069597069,258.6749084249084,2.553405507791935,2.553706853419922,-0.07856197148706695
51333,3.8117536180869536,2.1882463819130464,76.23507236173907,43.76492763826093,20.478515625,18.296518724025667,-13.170995165666513,-19.34009814511982,460.043956043956,262.3195970695971,2.5655762732851803,2.552426329399782,-0.4556567556107932
51366,3.7755078846907253,2.2244921153092743,75.5101576938145,44.48984230618549,20.478515625,17.628500566982986,0.0,-20.696999714233733,457.6749084249084,264.3241758241758,2.5655762732851803,2.5675949982572193,-0.7249146679245597
51400,3.745886153491522,2.254113846508478,74.91772306983044,45.082276930169556,19.86328125,16.917337596071686,-18.49041847420719,-22.04996459675856,454.57692307692304,266.87545787545787,2.5647130317441165,2.5675949982572193,-0.5924346239840591
51433,3.7191920351786907,2.2808079648213093,74.38384070357381,45.61615929642618,18.984375,16.157316026152557,-26.285239324631654,-23.409602580529253,451.2967032967033,270.5201465201465,2.5672002413546924,2.5724903438167006,-0.5338823662566274
51466,3.6857610613912213,2.3142389386087783,73.71522122782443,46.284778772175564,18.369140625,15.364216359095105,-18.470136550950887,-23.897904582012472,445.64743589743586,274.529304029304,2.5769300721651875,2.573330835149326,-0.6686194757493732
51500,3.649618939365165,2.3503810606348354,72.9923787873033,47.00762121269671,17.75390625,14.566827475498595,-18.438697468428604,-23.897904582012472,442.18498168498166,277.4450549450549,2.5769300721651875,2.5803219787995606,-0.7228424405211397
51533,3.6107038079032985,2.389296192096701,72.21407615806598,47.78592384193402,17.138671875,13.769362907267077,-18.43694751470837,-23.897904582012472,439.63369963369956,282.547619047619,2.58162073315558,2.5803219787995606,-0.7783026292373124
51566,3.5750826074313573,2.4249173925686427,71.50165214862714,48.498347851372856,16.259765625,12.975854756551767,-26.469819724095224,-23.897904582012472,434.3489010989011,285.2811355311356,2.588316203024256,2.588796884391768,-0.7124240094388298
51600,3.540635891015473,2.459364108984527,70.81271782030946,49.18728217969054,15.29296875,12.176669515307903,-28.9099676477731,-23.897904582012472,429.246336996337,291.1126373626374,2.594702050058526,2.5930730843814556,-0.6889343283176842
51633,3.502302413961736,2.4976975860382638,70.04604827923472,49.953951720765275,14.501953125,11.381936836044563,-23.78613139031006,-23.897904582012472,425.7838827838828,296.57967032967036,2.594702050058526,2.597968293189983,-0.7666695410747377
51666,3.462590091112893,2.537409908887107,69.25180182225786,50.74819817774214,13.7109375,10.585060849307592,-23.72215532122764,-23.897904582012472,420.68131868131866,300.22435897435895,2.605537345881698,2.6058536910366477,-0.7942464569768647
51700,3.4194861774948713,2.5805138225051287,68.38972354989743,51.610276450102575,13.0078125,9.786932014859577,-21.053260368482487,-23.897904582012472,415.760989010989,304.4157509157509,2.6090131461982846,2.6058536910366477,-0.862078272360431
51733,3.3783338103214624,2.6216661896785376,67.56667620642925,52.43332379357075,12.12890625,8.989760411017617,-26.348175973411234,-23.897904582012472,411.7518315018315,309.8827838827839,2.6138985246221833,2.611324068144613,-0.8230473434681719
51766,3.3365438089922033,2.6634561910077967,66.73087617984406,53.26912382015594,11.25,8.193517264704596,-26.37889920471254,-23.897904582012472,405.73809523809524,314.8031135531136,2.6138985246221833,2.615873241889537,-0.8358000265851926
51800,3.2921739660735367,2.7078260339264633,65.84347932147074,54.15652067852926,10.458984375,7.399459032079175,-23.806334538752076,-23.897904582012472,400.45329670329664,319.35897435897436,2.6205522054276127,2.6219890464593076,-0.8873968583733199
51833,3.2484658927156635,2.7515341072843365,64.96931785431327,55.03068214568673,9.580078125,6.6030362212416405,-26.372948405315235,-23.897904582012472,396.26190476190476,325.3727106227106,2.6251337722904275,2.6219890464593076,-0.8741614671574697
51866,3.2041181086567043,2.7958818913432957,64.08236217313409,55.917637826865914,8.701171875,5.804588732221843,-26.30607270719787,-23.897904582012472,390.0659340659341,329.3818681318681,2.6279767631884963,2.6260803923206266,-0.8869556811791909
51900,3.15722904097376,2.84277095902624,63.1445808194752,56.8554191805248,7.91015625,5.0078937720994645,-23.727545516576694,-23.897904582012472,383.8699633699634,335.21336996337,2.6279767631884963,2.6300891861796165,-0.9377813536588866
51933,3.1131438377699556,2.8868561622300444,62.26287675539911,57.73712324460089,6.943359375,4.212295869167773,-29.040322232877443,-23.897904582012472,380.2252747252748,341.59157509157507,2.6293425580452587,2.634013079345099,-0.8817040640760864
51966,3.0672716261250565,2.9327283738749435,61.34543252250113,58.65456747749887,6.064453125,3.4170856619173984,-26.413164101175983,-23.897904582012472,373.8470695970696,346.32967032967025,2.632362214581681,2.634013079345099,-0.9174442328979815
52000,3.02288840880534,2.97711159119466,60.457768176106796,59.542231823893204,5.09765625,2.6186359742701573,-28.93660029728202,-23.897904582012472,367.83333333333337,352.34340659340654,2.6338137245715822,2.636852595384685,-0.8876643463943298
52033,2.9788163330525146,3.0211836669474854,59.576326661050295,60.423673338949705,4.130859375,1.8204463727929885,-28.945953557592567,-23.88488491139765,363.09523809523813,357.6282051282052,2.6338137245715822,2.6380550704433636,-0.8814415150565024
52066,2.9340048991936047,3.0659951008063953,58.6800979838721,61.3199020161279,3.251953125,1.0469163804295318,-26.3686844487986,-22.529549575360413,357.44597069597074,362.7307692307692,2.6367799166607613,2.6391887986155362,-0.8962286771781969
52100,2.888184385778327,3.111815614221673,57.76368771556654,62.23631228443346,2.4609375,0.32072793926818655,-23.804875172907963,-21.178373877743184,350.88553113553104,367.6510989010989,2.63695499155148,2.6391887986155362,-0.9164102683055588
52133,2.846937306579287,3.153062693420713,56.938746131585745,63.061253868414255,1.494140625,-0.3644955212293697,-28.922140466132788,-19.819129708933016,346.51190476190476,373.66483516483515,2.635660694329482,2.642306669608449,-0.8249415839807928
52166,2.8082555491969674,3.1917444508030326,56.16511098393935,63.83488901606065,0.52734375,-1.0019524029546085,-29.031763099331293,-18.465017985039644,340.315934065934,378.03846153846155,2.636127836032304,2.6417435291440086,-0.773635147646395
52200,2.7685585821304026,3.2314414178695974,55.371171642608054,64.62882835739194,-0.263671875,-1.5939305148335583,-23.769321130892738,-17.111821204983475,337.5824175824176,384.4166666666667,2.636127836032304,2.6415349718338037,-0.7939393413312938
52233,2.730887486256975,3.269112513743025,54.617749725139504,65.3822502748605,-1.0546875,-2.1418527533017477,-23.725120158854548,-15.756103358115555,333.2087912087912,388.6080586080586,2.634052778512049,2.6415349718338037,-0.7534219174685505
52266,2.6936878178248533,3.3063121821751476,53.87375635649706,66.12624364350295,-1.7578125,-2.645321635163559,-21.05621413870234,-14.398274849615222,326.28388278388275,391.88827838827837,2.6325696864880586,2.642266637597557,-0.7439933686424441
52300,2.658746231770898,3.341253768229102,53.174924635417966,66.82507536458203,-2.4609375,-3.103132039555656,-21.071545439555294,-13.041434274222606,322.82142857142856,396.808608058608,2.6302306563236395,2.641428950066075,-0.6988317210790935
52333,2.626576778833084,3.373423221166916,52.53153557666168,67.46846442333832,-3.1640625,-3.51385798190989,-21.169728154035077,-11.690886566165796,319.54120879120876,402.27564102564105,2.6302306563236395,2.6411592512850905,-0.6433890587562829
52366,2.597567280778691,3.402432719221309,51.95134561557383,68.04865438442617,-3.8671875,-3.8808045217791136,-21.10351839493892,-10.336101676577218,314.6208791208791,405.0091575091575,2.628256185376088,2.6411592512850905,-0.5801899610878518
52400,2.5722525735742483,3.427747426425752,51.445051471484966,68.55494852851504,-4.5703125,-4.20250401634661,-21.11116946053521,-8.981807785276466,310.61172161172163,409.01831501831504,2.625440380022955,2.641738709263509,-0.506294144088864
52433,2.5471041324254586,3.4528958675745414,50.94208264850917,69.05791735149083,-5.09765625,-4.479384068031494,-15.815542848770415,-7.625986737336246,308.4249084249084,412.6630036630036,2.622522911561724,2.6388746757400354,-0.5029688229757924
52466,2.5231887082237274,3.4768112917762726,50.46377416447454,69.53622583552546,-5.537109375,-4.711915537334976,-13.125660496618655,-6.264592017143729,304.2335164835165,414.48534798534797,2.622522911561724,2.6370195202222684,-0.4783084840346311
52500,2.5043494677672866,3.4956505322327134,50.086989355345736,69.91301064465426,-6.064453125,-4.898006123720745,-15.833755042425182,-4.9103304524353835,302.77564102564105,417.94780219780216,2.6207174404845888,2.6370195202222684,-0.37678480912880324
52533,2.489745496662033,3.510254503337967,49.79490993324066,70.20509006675934,-6.591796875,-5.038773018972716,-15.863206609148946,-3.558583204398136,299.6776556776557,421.0457875457875,2.6163561501558124,2.637362741845913,-0.29207942210507537
52566,2.4778360761983462,3.5221639238016538,49.55672152396693,70.44327847603307,-7.03125,-5.134921035754605,-13.162294263162677,-2.2009775665157876,299.3131868131868,422.3214285714285,2.615450752866153,2.6341714451090223,-0.23818840927373147
52600,2.4664596150409848,3.533540384959015,49.32919230081969,70.6708076991803,-7.294921875,-5.185634959156874,-7.927505198710254,-0.8485315357990879,296.76190476190476,423.77930402930394,2.615450752866153,2.632736059481987,-0.22752922314723506
52633,2.4584605056128725,3.541539494387127,49.16921011225745,70.83078988774254,-7.55859375,-5.193601503146082,-7.878581573956858,0.14079030593758127,296.9441391941392,424.3260073260073,2.613142542439471,2.632736059481987,-0.15998218856223645
52666,2.4518093903012717,3.5481906096987292,49.03618780602543,70.96381219397458,-7.734375,-5.1827141588003744,-5.277680807916701,0.5129759894155106,294.5750915750916,424.3260073260073,2.6117649405411165,2.631960271239477,-0.13302230623202144
52700,2.4459669635974746,3.554033036402525,48.91933927194949,71.0806607280505,-7.822265625,-5.1594897000366124,-2.6441432132666196,0.884415257307155,294.5750915750916,426.69505494505495,2.610087608532711,2.6307785073676646,-0.11684853407594095
52733,2.444405364805092,3.555594635194908,48.888107296101836,71.11189270389816,-7.998046875,-5.12363125696721,-5.252158118543217,1.258409564854327,294.2106227106227,427.05952380952385,2.610087608532711,2.630725819153825,-0.031231975847653026
52766,2.4439967509315865,3.5560032490684135,48.879935018631734,71.12006498136827,-8.0859375,-5.075499778917572,-2.637863635813479,1.6307330640686963,294.02838827838826,427.05952380952385,2.6101997820467653,2.6305069550342326,-0.008172277470104412
52800,2.4441862372279424,3.5558137627720576,48.88372474455885,71.11627525544115,-8.0859375,-5.015035671757728,0.0,2.0026505693976713,294.02838827838826,426.3305860805861,2.609409700830947,2.6305069550342326,0.0037897259271140495
52833,2.4464133047936185,3.5535866952063815,48.928266095872374,71.07173390412763,-8.0859375,-4.942289897851124,0.0,2.374113013325282,294.39285714285717,427.42399267399264,2.608712564696229,2.6301649256986535,0.044541351313524574
52866,2.450818718081386,3.5491812819186133,49.01637436162772,70.98362563837227,-8.0859375,-4.856676876788697,0.0,2.747687649273174,293.6639194139195,428.1529304029304,2.608712564696229,2.62991813137371,0.08810826575534698
52900,2.457524124104136,3.542475875895864,49.15048248208272,70.84951751791728,-8.0859375,-4.7591399390949265,0.0,3.1192388750004643,294.9395604395604,427.05952380952385,2.608980605779153,2.629063107605171,0.1341081204550041
52933,2.4666826551052456,3.5333173448947544,49.33365310210492,70.66634689789508,-8.0859375,-4.648570559806138,0.0,3.492961260926788,294.39285714285717,427.24175824175825,2.6092180071337117,2.629063107605171,0.18317062002219933
52966,2.478423156543768,3.5215768434562325,49.56846313087536,70.43153686912464,-8.0859375,-4.526285372992094,0.0,3.864420196030433,295.1217948717949,426.14835164835165,2.6091661086596116,2.6283612700834036,0.2348100287704401
53000,2.492908271874093,3.5070917281259075,49.85816543748186,70.14183456251814,-8.0859375,-4.3909524831925495,0.0,4.237724988812881,295.3040293040293,424.8727106227106,2.6091661086596116,2.627068514230427,0.28970230660650365
53033,2.5102884013752598,3.48971159862474,50.205768027505194,69.7942319724948,-8.0859375,-4.243396928633292,0.0,4.610428221793107,296.03296703296706,427.05952380952385,2.6098307268713685,2.6263363469437775,0.34760259002333577
53066,2.5307217536001536,3.4692782463998464,50.614435072003076,69.38556492799692,-8.0859375,-4.0835009074603725,0.0,4.982929072399249,294.9395604395604,425.4194139194139,2.6098389017503587,2.6263363469437775,0.4086670444978833
53100,2.554371234122302,3.445628765877698,51.08742468244604,68.91257531755396,-8.0859375,-3.911295867221253,0.0,5.3552041523064515,296.03296703296706,424.8727106227106,2.61052831130014,2.626137863036544,0.4729896104429622
53133,2.5812677027759316,3.418732297224068,51.625354055518635,68.37464594448136,-8.0859375,-3.7292113333166497,0.0,5.488856773924974,297.6730769230769,425.2371794871795,2.61052831130014,2.624712220106278,0.5379293730725959
53166,2.6074031981492296,3.3925968018507704,52.14806396298459,67.8519360370154,-7.91015625,-3.5461379585056836,5.2702262455572955,5.488856773924974,303.50457875457874,419.58791208791206,2.6142277524507143,2.618555900868174,0.522709907465954
53200,2.6051663627841877,3.3948336372158123,52.10332725568375,67.89667274431625,-6.416015625,-3.363419729190308,44.88399390392748,5.488856773924974,309.1538461538462,413.5741758241758,2.6275217830069413,2.618555900868174,-0.0447367073008359
53233,2.599943843270075,3.400056156729925,51.99887686540151,68.00112313459849,-5.185546875,-3.1800140754738457,36.824746656838045,5.488856773924974,312.9807692307692,411.3873626373626,2.6206405212606523,2.623071535323578,-0.1044503902822343
53266,2.6154149672732867,3.384585032726713,52.308299345465734,67.69170065453426,-5.185546875,-2.997270537040463,0.0,5.488856773924974,314.4386446886447,408.2893772893773,2.6206405212606523,2.6368080265122655,0.30942248006422246
53300,2.633248798314491,3.3667512016855086,52.66497596628982,67.33502403371017,-5.185546875,-2.8141226510105084,0.0,5.488856773924974,315.5320512820513,407.37820512820514,2.62589004309486,2.6357120752939096,0.35667662082409113
53333,2.6514965045643337,3.3485034954356663,53.02993009128667,66.97006990871333,-5.09765625,-2.6315706133151817,2.642638551101195,5.488856773924974,317.17216117216117,406.28479853479854,2.6297157598353134,2.6357120752939096,0.36495412499684904
53366,2.66344855889435,3.33655144110565,53.268971177887,66.731028822113,-4.658203125,-2.4490602525103884,13.216210035103972,5.488856773924974,318.4478021978022,402.82234432234435,2.6317528713692178,2.6314286040415613,0.2390410866003294
53400,2.6743138707440868,3.3256861292559132,53.48627741488174,66.51372258511826,-4.21875,-2.265953027920739,13.17312993730502,5.488856773924974,319.7234432234432,402.27564102564105,2.631550433236455,2.6311766956529645,0.21730623699473456
53433,2.687980987847425,3.312019012152575,53.759619756948496,66.2403802430515,-3.955078125,-2.083121058515048,7.915777322159081,5.488856773924974,321.9102564102564,400.0888278388278,2.631550433236455,2.631387366993474,0.27334234206675456
53466,2.6997775182459356,3.300222481754065,53.99555036491871,66.0044496350813,-3.603515625,-1.9001656941447038,10.547251326705503,5.488856773924974,323.1858974358974,398.63095238095235,2.6327805251536853,2.631387366993474,0.2359306079702094
53500,2.712993014295931,3.287006985704069,54.25986028591862,65.74013971408138,-3.33984375,-1.7163089387099588,7.871656136675998,5.488856773924974,325.73717948717945,396.26190476190476,2.634093932808366,2.6324675456426507,0.26430992099991285
53533,2.724186001692059,3.275813998307941,54.48372003384118,65.51627996615882,-2.98828125,-1.5340098934113027,10.585223890896687,5.488856773924974,326.4661172161172,395.532967032967,2.6352731294065825,2.6317117719245613,0.22385974792255875
53566,2.73669193274274,3.2633080672572596,54.7338386548548,65.26616134514519,-2.724609375,-1.350790048456262,7.899019658827827,5.488856773924974,328.2884615384615,393.89285714285717,2.6352731294065825,2.6317939717766565,0.2501186210136227
53600,2.747121199948472,3.252878800051528,54.94242399896943,65.05757600103057,-2.373046875,-1.167584941098031,10.532873441185219,5.488856773924974,330.11080586080584,391.5238095238095,2.635664187605241,2.6317939717766565,0.20858534411463178
53633,2.758517036763396,3.241482963236604,55.17034073526793,64.82965926473207,-2.109375,-0.9896888001562982,7.908843302788989,5.151375132315432,332.29761904761904,391.88827838827837,2.6360304378772783,2.6336175908701036,0.2279167362984982
53666,2.7694036943803746,3.2305963056196254,55.38807388760749,64.61192611239251,-1.845703125,-0.8245242576643445,7.9270680949142385,4.779684638083451,331.2042124542124,390.6126373626374,2.637055791327626,2.633065510009058,0.217733152339561
53700,2.779676973612134,3.220323026387866,55.59353947224267,64.40646052775733,-1.58203125,-0.6710171027385727,7.889080413891505,4.406204371255262,333.93772893772893,388.0613553113553,2.637055791327626,2.6330046144063632,0.2054655846351743
53733,2.791155386541121,3.2088446134588793,55.82310773082242,64.17689226917759,-1.40625,-0.5309748402293586,5.297985290666403,4.0354450861863995,335.21336996337,386.42124542124543,2.637949258110719,2.6330046144063632,0.2295682585797511
53766,2.8004375026486263,3.1995624973513737,56.00875005297252,63.99124994702748,-1.142578125,-0.4025960687215683,7.905492958496638,3.662740199409857,336.8534798534798,384.96336996337,2.638988855979638,2.6335005608110347,0.18564232215010068
53800,2.808666651253345,3.191333348746655,56.1733330250669,63.8266669749331,-0.87890625,-0.28677400343987575,7.914571710368164,3.2904628398972244,337.0357142857143,383.50549450549454,2.6395957542450974,2.633098502065128,0.16458297209438244
53833,2.8157086798396165,3.1842913201603835,56.31417359679233,63.68582640320767,-0.615234375,-0.18291903532714068,7.879287878617142,2.9165184043848167,339.2225274725275,382.95879120879124,2.6395957542450974,2.633492274506309,0.14084057172543052
53866,2.8233670237651562,3.1766329762348438,56.467340475303125,63.532659524696875,-0.439453125,-0.09215299841518623,5.28859874946799,2.5451010721717378,338.8580586080586,380.77197802197804,2.6406411425350846,2.6338499295552427,0.153166878510795
53900,2.8302198751197705,3.1697801248802295,56.60439750239541,63.39560249760459,-0.263671875,-0.013580237944199658,5.277507618938339,2.1729031748870393,340.6804029304029,380.2252747252748,2.640257294410568,2.6338499295552427,0.13705702709228063
53933,2.838139014781728,3.161860985218272,56.762780295634556,63.237219704365444,-0.17578125,0.052623268703187454,2.6375323498538683,1.8005329101618204,341.77380952380946,380.0430402930403,2.640991933228513,2.6335450458523213,0.15838279323914506
53966,2.843693413906037,3.156306586093963,56.87386827812074,63.12613172187926,0.0,0.10659740987651974,5.255272335321804,1.4267602275416444,341.40934065934067,379.13186813186815,2.640991933228513,2.6335813906769254,0.1110879824861842
54000,2.8480257341073663,3.1519742658926337,56.96051468214733,63.03948531785267,0.17578125,0.14785859402627702,5.286881511272596,1.0552222548284997,342.8672161172161,378.76739926739936,2.6421510758379454,2.633744515515688,0.08664640402658859
54033,2.851005080391791,3.148994919608209,57.02010160783582,62.97989839216418,0.3515625,0.1768287528222969,5.2724714249244204,0.6826688391025939,343.4139194139194,378.03846153846155,2.6414936430302185,2.633744515515688,0.05958692568849163
54066,2.8544777469888007,3.1455222530111993,57.08955493977602,62.91044506022398,0.439453125,0.19336970812522045,2.6383988560232408,0.310420868673758,342.68498168498166,376.94505494505495,2.6418047281676778,2.634064412137605,0.06945333194020123
54100,2.859123570862828,3.140876429137172,57.18247141725655,62.81752858274345,0.439453125,0.19809933815898106,0.0,0.14888764653870765,343.77838827838826,376.2161172161172,2.6418047281676778,2.6341467222400348,0.09291647748053018
54133,2.8622552230893477,3.1377447769106523,57.24510446178696,62.75489553821304,0.52734375,0.21784245620847642,2.632977368277643,1.034018562253303,344.8717948717948,376.3983516483516,2.642719169180289,2.6341583564879674,0.06263304453040869
54166,2.865385637750612,3.134614362249388,57.30771275501224,62.69228724498776,0.615234375,0.2668595784839648,2.644227138653453,1.9153837199478094,344.14285714285717,375.85164835164835,2.6420581644221404,2.6341583564879674,0.06260829322528283
54200,2.8687519841269493,3.1312480158730507,57.37503968253899,62.62496031746101,0.703125,0.3458002376932582,2.6264990684007365,2.8026978245206484,344.14285714285717,375.85164835164835,2.6418047281676778,2.634963197212347,0.06732692752674783
54233,2.8725623763470844,3.1274376236529156,57.451247526941685,62.548752473058315,0.791015625,0.4537502378759507,2.6411150444123734,3.6851015176009394,345.0540293040293,376.2161172161172,2.6418047281676778,2.6343379699702254,0.07620784440269554
54266,2.8790803289726377,3.1209196710273623,57.58160657945275,62.41839342054725,0.791015625,0.5909787189026143,0.0,4.567005830133347,345.2362637362637,375.6694139194139,2.6430588268720094,2.634260450319344,0.1303590525110711
54300,2.8852624481840627,3.1147375518159373,57.70524896368126,62.29475103631874,0.87890625,0.7578242677969222,2.6384501802109637,5.450300760816121,346.69413919413915,375.30494505494505,2.642389220240348,2.634260450319344,0.12364238422850508
54333,2.8907000263932936,3.1092999736067064,57.814000527865865,62.185999472134135,1.0546875,0.9550489278592432,5.2531230952754955,6.337593758437062,347.4230769230769,374.3937728937729,2.642576690290141,2.6351709766987828,0.10875156418460873
54366,2.896928496468447,3.103071503531553,57.93856992936894,62.06143007063106,1.23046875,1.181187874383504,5.270053546048452,7.222036259324687,346.69413919413915,372.57142857142856,2.642576690290141,2.6344386197254677,0.12456940150307527
54400,2.9062042413709883,3.0937957586290117,58.12408482741977,61.87591517258023,1.318359375,1.4354625020217193,2.6483970153566605,8.102013715697685,349.06318681318675,372.0247252747253,2.6431614385874638,2.6344138930950645,0.18551489805083188
54433,2.9155328894554544,3.0844671105445456,58.31065778910909,61.68934221089091,1.494140625,1.7208904166619348,5.262378349150561,8.987746179010813,349.6098901098901,371.6602564102564,2.6427488354652047,2.6344138930950645,0.18657296168931187
54466,2.924479086825152,3.075520913174848,58.48958173650303,61.51041826349697,1.7578125,2.035399819820875,7.905672863396718,9.872122389350764,349.9743589743589,369.8379120879121,2.643267564681368,2.63499273299383,0.17892394739394232
54500,2.9346140972865675,3.0653859027134325,58.692281945731345,61.307718054268655,2.021484375,2.3791577554862373,7.911128448230087,10.755888725957568,351.24999999999994,369.65567765567766,2.6440730741606804,2.63437433121051,0.20270020922831516
54533,2.9482311489785062,3.0517688510214938,58.96462297957013,61.03537702042987,2.197265625,2.752956841155584,5.266132847294615,11.640989704842546,352.1611721611721,368.1978021978022,2.6440730741606804,2.634215947150311,0.2723410338387874
54566,2.962299896604079,3.037700103395921,59.245997932081586,60.754002067918414,2.4609375,3.155673244153325,7.911062699374788,12.524763386432848,353.801282051282,366.37545787545787,2.64437978797665,2.634215947150311,0.28137495251145295
54600,2.9763930903058107,3.0236069096941893,59.527861806116206,60.472138193883794,2.8125,3.586609454480116,10.57733879439336,13.40609269405594,355.441391941392,364.735347985348,2.6444577547394648,2.6350570441472057,0.2818638740346176
54633,2.9941671677784774,3.0058328322215226,59.88334335556955,60.11665664443045,3.076171875,4.049092997281392,7.895528440917153,14.291605178677687,357.44597069597074,363.8241758241759,2.6444859874570237,2.6343165899124075,0.3554815494533473
54666,3.0145940115476226,2.9854059884523774,60.29188023095245,59.70811976904755,3.33984375,4.540901531877948,7.899374630342828,15.176686509073425,358.53937728937734,361.0906593406594,2.6444859874570237,2.6341878787380377,0.4085368753828975
54700,3.0379673218714838,2.9620326781285162,60.75934643742968,59.24065356257032,3.603515625,5.0600932820163855,7.931329409702569,16.058201907811654,362.7307692307692,357.6282051282052,2.644959135600389,2.6341878787380377,0.4674662064772231
54733,3.060637746233403,2.939362253766597,61.212754924668054,58.787245075331946,4.04296875,5.610060853321545,13.184459310684701,16.94201883731999,364.0064102564103,356.5347985347986,2.644927383590567,2.634984439645437,0.45340848723837823
54766,3.083273735178234,2.916726264821766,61.66547470356468,58.33452529643532,4.5703125,6.18724503874652,15.771283207030667,17.36073269294623,367.28663003663,352.89010989010984,2.6457998206830977,2.6341864244283824,0.4527197788966321
54800,3.1089244865604053,2.8910755134395947,62.1784897312081,57.8215102687919,5.009765625,6.763264114996765,13.244749260509622,17.36073269294623,370.74908424908426,350.15659340659334,2.6457998206830977,2.6340164239289376,0.5130150276434159
54833,3.1344613073502887,2.8655386926497113,62.68922614700577,57.31077385299423,5.537109375,7.343562611851927,15.776490772697821,17.36073269294623,374.029304029304,347.6053113553113,2.645983993586407,2.6340164239289376,0.5107364157976683
54866,3.1611457247689545,2.8388542752310455,63.22291449537909,56.77708550462091,6.064453125,7.9227040505782735,15.808010390656527,17.36073269294623,375.6694139194139,343.4139194139194,2.6451776107815075,2.6344847285484585,0.5336883483733205
54900,3.1869855001609513,2.8130144998390487,63.739710003219024,56.260289996780976,6.6796875,8.501192534784659,18.46349550508297,17.36073269294623,379.8608058608059,340.8626373626373,2.6445177315187993,2.634093932808366,0.5167955078399361
54933,3.215301991164289,2.784698008835711,64.30603982328577,55.69396017671422,7.20703125,9.07943314249736,15.832637415867149,17.36073269294623,382.95879120879124,338.6758241758242,2.6445177315187993,2.6336867949230727,0.5663298200667527
54966,3.2427966237882164,2.7572033762117836,64.85593247576432,55.14406752423568,7.822265625,9.65810327207894,18.457699787631846,17.36073269294623,385.87454212454213,334.8489010989011,2.644947429723777,2.6335005608110347,0.5498926524785482
55000,3.2727937591794243,2.7272062408205757,65.45587518358849,54.54412481641151,8.349609375,10.237334083890984,15.80557127547391,17.36073269294623,389.5192307692308,331.38644688644683,2.6427405054726956,2.6335005608110347,0.599942707824169
55033,3.3019777545773796,2.6980222454226204,66.0395550915476,53.9604449084524,8.96484375,10.816634338594149,18.437622702858565,17.36073269294623,392.98168498168496,327.7417582417582,2.6414454516573196,2.632243670218178,0.5836799079591098
55066,3.3296010857250162,2.6703989142749838,66.59202171450032,53.40797828549968,9.66796875,11.394629326637181,21.119154019063984,17.36073269294623,395.532967032967,322.6391941391941,2.6414454516573196,2.630202651583918,0.5524666229527228
55100,3.3589385539577785,2.6410614460422215,67.17877107915557,52.82122892084443,10.283203125,11.971447638925653,18.51695638009697,17.36073269294623,400.45329670329664,320.99908424908426,2.641200426228902,2.6270488158503973,0.58674936465525
55133,3.3907949036046174,2.6092050963953817,67.81589807209235,52.18410192790764,10.810546875,12.552800314174632,15.747882947515482,17.36073269294623,403.7335164835165,317.3543956043956,2.6398088965189834,2.6270488158503973,0.6371269929367922
55166,3.423686318249586,2.5763136817504138,68.47372636499172,51.52627363500827,11.337890625,13.128825188958803,15.893539119254443,17.36073269294623,407.92490842490844,312.434065934066,2.6384417914183595,2.623754918787497,0.6578282928993733
55200,3.4557553863411816,2.5442446136588184,69.11510772682364,50.88489227317636,11.953125,13.707614899265717,18.45388633848217,17.36073269294623,410.4761904761905,309.7005494505495,2.6384417914183595,2.6202414038343473,0.6413813618319175
55233,3.488294268013215,2.511705731986785,69.7658853602643,50.234114639735694,12.568359375,14.287488700468858,18.419386262538055,17.36073269294623,416.30769230769226,305.69139194139194,2.6366165097420855,2.614131565488066,0.6507776334406719
55266,3.519240321820698,2.480759678179302,70.38480643641397,49.61519356358603,13.271484375,14.866661978836984,21.076188475272,17.36073269294623,418.85897435897436,301.6822344322344,2.633248354846333,2.614131565488066,0.618921076149658
55300,3.547866211615416,2.452133788384584,70.95732423230831,49.042675767691684,14.0625,15.446143219167112,23.698111113563193,17.36073269294623,422.8681318681318,297.1263736263736,2.629613930089557,2.612049822713796,0.5725177958943471
55333,3.5773383569680575,2.4226616430319425,71.54676713936115,48.45323286063885,14.765625,16.023087570399923,21.157612772608832,17.36073269294623,425.60164835164835,295.1217948717949,2.629613930089557,2.607401622130075,0.5894429070528459
55366,3.610446390183686,2.3895536098163137,72.20892780367372,47.791072196326276,15.29296875,16.603414677755783,15.775712981526976,17.36073269294623,430.70421245421244,290.2014652014652,2.6272294409123607,2.6013610172185806,0.6621606643125709
55400,3.64444942800424,2.3555505719957606,72.8889885600848,47.11101143991521,15.8203125,17.180547740099378,15.863020988382441,17.36073269294623,432.8910256410256,286.3745421245422,2.6226555364516084,2.6013610172185806,0.6800607564110754
55433,3.6769772424399343,2.3230227575600657,73.53954484879868,46.460455151201316,16.435546875,17.7487816064323,18.421346890183663,16.577137267769167,437.4468864468864,283.27655677655673,2.6185641167767675,2.596160652410382,0.6505562887138863
55466,3.708990469803981,2.2910095301960185,74.17980939607962,45.82019060392037,17.05078125,18.287038852962848,18.442320548943364,15.692557280127078,440.7271062271062,279.44963369963364,2.6185641167767675,2.5909757241882483,0.6402645472809407
55500,3.738216273510347,2.261783726489653,74.76432547020694,45.235674529793066,17.75390625,18.795634100999056,21.083445464573316,14.80825033021971,445.1007326007325,275.2582417582417,2.613605291072612,2.5840006101135073,0.5845160741273168
55533,3.7656242417907935,2.2343757582092065,75.31248483581587,44.687515164184134,18.45703125,19.273542826261465,21.137847989527746,13.926219323016328,450.02106227106225,271.61355311355305,2.6061456209809024,2.5840006101135073,0.5481593656089214
55566,3.792934843277162,2.207065156722838,75.85869686554324,44.141303134456756,19.072265625,19.722192284633046,18.492189154852866,13.044024816640396,451.2967032967033,267.78663003663,2.6002624135904746,2.5795506376404655,0.5462120297273783
55600,3.8185389700110157,2.1814610299889843,76.37077940022031,43.629220599779686,19.6875,20.142000372707617,18.468945566531694,12.160720048400758,455.67032967032964,263.59523809523813,2.5952465174787025,2.573087222954185,0.5120825346770744
55633,3.84416219447873,2.15583780552127,76.8832438895746,43.1167561104254,20.21484375,20.533683812901224,15.77593149237435,11.274358566608354,459.49725274725273,262.1373626373626,2.5952465174787025,2.564017947892565,0.5124644893542839
55666,3.866136455825586,2.133863544174414,77.32272911651172,42.677270883488276,20.830078125,20.895146209688846,18.436712149891264,10.389509492074641,461.68406593406587,259.2216117216117,2.588594423723042,2.564017947892565,0.4394852269371189
55700,3.891464796201167,2.1085352037988327,77.82929592402334,42.17070407597666,21.181640625,21.225963979131834,10.572496812027827,9.507776554065877,466.0576923076922,255.94139194139188,2.5815858819213306,2.5625700195796064,0.5065668075116222
55733,3.911988332498181,2.0880116675018185,78.23976664996363,41.760233350036366,21.708984375,21.528903488945733,15.77941950231968,8.62161100075254,468.42673992673986,254.301282051282,2.5765625634740483,2.55412016260546,0.4104707259402922
55766,3.927922822535107,2.072077177464893,78.55845645070214,41.44154354929786,22.32421875,21.801045054824744,18.493897911491548,7.739498005355345,470.0668498168497,250.47435897435892,2.5765625634740483,2.5476676516419183,0.3186898007385131
55800,3.942291273910389,2.057708726089611,78.84582547820779,41.15417452179222,22.8515625,22.044454468253612,15.809423126152243,6.8550142450905485,471.70695970695965,248.4697802197802,2.568256955604799,2.5476676516419183,0.28736902750564197
55833,3.9574190651396153,2.042580934860385,79.1483813027923,40.851618697207705,23.203125,22.25812978640634,10.551853259474345,5.971556292546771,475.3516483516484,247.9230769230769,2.560596521288211,2.545071200276248,0.30255582458451014
55866,3.972413298187238,2.027586701812762,79.44826596374476,40.55173403625524,23.466796875,22.442813904785368,7.893235048311946,5.085786520796035,475.71611721611725,244.27838827838826,2.5570930554017965,2.5392142573747356,0.29988466095245986
55900,3.9836411159009657,2.0163588840990347,79.67282231801931,40.32717768198069,23.818359375,22.597267794833925,10.572614453346214,4.20406339381611,476.6272893772894,243.00274725274727,2.5570930554017965,2.532966755930885,0.22455635427454823
55933,3.994158055518641,2.0058419444813596,79.88316111037281,40.11683888962719,24.08203125,22.72276579226451,7.903456963539365,3.3194392300644573,479.72527472527474,242.82051282051282,2.5519450637948347,2.532966755930885,0.21033879235350053
55966,4.0023310816259325,1.9976689183740675,80.04662163251865,39.95337836748135,24.345703125,22.818585652652256,7.91960330734543,2.436618622038108,480.27197802197804,240.99816849816852,2.5442979396407304,2.530366177628895,0.16346052214583884
56000,4.007872304923938,1.9921276950760611,80.15744609847877,39.84255390152122,24.609375,22.885119289308758,7.903395369485719,1.5519875640864753,479.9075091575092,239.54029304029305,2.540895091589532,2.5262619802353843,0.11082446596012897
56033,4.0124716288857885,1.987528371114211,80.24943257771578,39.75056742228422,24.78515625,22.922151315627506,5.266252593575651,0.6669067110022805,483.00549450549454,239.72252747252747,2.540895091589532,2.522222943727385,0.09198647923700935
56066,4.016587450883328,1.9834125491166719,80.33174901766657,39.66825098233344,24.873046875,22.93008741561714,2.6386159675699603,-0.11044727452622555,482.64102564102564,238.26465201465197,2.5379323767268622,2.5213106711446835,0.0823164399507805
56100,4.018884257629021,1.9811157423709784,80.37768515258043,39.62231484741957,24.9609375,22.918938841570572,2.6443464731400734,-0.5604022605769278,481.9120879120879,238.62912087912088,2.535390202123221,2.5213106711446835,0.04593613491386449
56133,4.0192050892478495,1.980794910752151,80.38410178495698,39.61589821504302,25.048828125,22.892691481234447,2.6331014480364185,-1.012278841831426,483.00549450549454,238.99358974358975,2.53478250456893,2.519607734668138,0.006416632376551046
56166,4.019391999619735,1.9806080003802649,80.3878399923947,39.6121600076053,25.048828125,22.85143482594435,0.0,-1.4634715120872623,483.36996336996333,237.53571428571425,2.53478250456893,2.518867942455002,0.003738207437716287
56200,4.017994285846567,1.9820057141534335,80.35988571693133,39.64011428306867,25.048828125,22.795220136020923,0.0,-1.9141013659750425,481.54761904761904,238.08241758241755,2.5347090629329423,2.518573014148172,-0.027954275463375554
56233,4.014860137427637,1.9851398625723633,80.29720274855273,39.702797251447265,25.048828125,22.7235856699502,0.0,-2.3671324016757427,480.6364468864469,239.72252747252747,2.5329130019866852,2.518573014148172,-0.06268296837860027
56266,4.009846531502532,1.9901534684974678,80.19693063005064,39.803069369949355,25.048828125,22.637123317926797,0.0,-2.8185667469257067,481.54761904761904,237.71794871794867,2.533181103085102,2.5190371178899205,-0.10027211850209164
56300,4.002806676179277,1.9971933238207236,80.05613352358553,39.94386647641447,25.048828125,22.536037234764734,0.0,-3.268220397336911,482.0943223443224,239.35805860805863,2.533181103085102,2.5185808999848582,-0.1407971064651168
56333,3.993565846099423,2.006434153900577,79.87131692198845,40.12868307801155,25.048828125,22.419233031538326,0.0,-3.7207237199535865,482.8232600732601,240.08699633699635,2.5333773718437156,2.5190194379875206,-0.18481660159707514
56366,3.9819619313801353,2.0180380686198642,79.63923862760271,40.360761372397285,25.048828125,22.2876658863949,0.0,-4.172052010841256,481.1831501831502,239.35805860805863,2.5320230196204236,2.5190194379875206,-0.23207829438573788
56400,3.9678324513461973,2.0321675486538027,79.35664902692395,40.64335097307605,25.048828125,22.14171718078647,0.0,-4.6214324027636025,481.7298534798535,240.08699633699635,2.5311288488986614,2.520363505122369,-0.2825896006787661
56433,3.950977228048289,2.049022771951711,79.01954456096578,40.980455439034216,25.048828125,21.979569574020786,0.0,-5.074233798462516,482.64102564102564,240.2692307692308,2.5311288488986614,2.519377560306264,-0.3371044659581591
56466,3.931217151188292,2.068782848811708,78.62434302376583,41.37565697623417,25.048828125,21.80279874969968,0.0,-5.525756896843694,481.7298534798535,239.54029304029305,2.531307480752542,2.5197435142414872,-0.395201537199952
56500,3.9083623883222676,2.091637611677733,78.16724776644534,41.83275223355466,25.048828125,21.611158650137526,0.0,-5.976848792470438,480.6364468864469,240.08699633699635,2.5301543780675257,2.5197435142414872,-0.4570952573204856
56533,3.884240771805546,2.115759228194454,77.68481543611092,42.315184563889076,24.9609375,21.405032427629955,-2.6444084517773376,-6.426793232647697,481.1831501831502,245.18956043956044,2.529794092406597,2.521025117289224,-0.4824323303344203
56566,3.8734462643973746,2.126553735602626,77.46892528794749,42.531074712052515,24.169921875,21.18305222173108,-23.70639585269695,-6.878508119653452,475.71611721611725,249.92765567765565,2.529794092406597,2.54155116029444,-0.21589014816343696
56600,3.8756094663644634,2.124390533635537,77.51218932728926,42.487810672710744,22.939453125,20.945762958330604,-36.840978472063874,-7.330659962979787,469.52014652014645,253.39010989010984,2.5337580418899712,2.5476256013211267,0.0432640393417702
56633,3.868421582168963,2.131578417831037,77.36843164337925,42.63156835662075,22.412109375,20.69471238646644,-15.870836674433233,-7.780480059365142,467.33333333333326,256.12362637362634,2.553651049790621,2.5476256013211267,-0.14375768391000818
56666,3.850250526125043,2.149749473874957,77.00501052250085,42.994989477499146,22.412109375,20.42718788222602,0.0,-8.2049006704214,463.6886446886446,257.0347985347985,2.5571696976273155,2.551421651317345,-0.3634211208783979
56700,3.8331084814696146,2.1668915185303854,76.6621696293923,43.337830370607705,22.236328125,20.153349658729596,-5.266860402311082,-8.2049006704214,463.32417582417577,259.7683150183149,2.5563394744830754,2.560371298993374,-0.3428408931085634
56733,3.8203689087184,2.1796310912815993,76.407378174368,43.59262182563199,21.796875,19.879801191321732,-13.181098304437482,-8.2049006704214,462.9597069597069,261.4084249084249,2.5563394744830754,2.561173928507456,-0.25479145502428147
56766,3.806146584460332,2.1938534155396683,76.12293168920664,43.87706831079336,21.4453125,19.60680791673901,-10.566324010560804,-8.2049006704214,458.95054945054943,263.2307692307692,2.560355411908991,2.561173928507456,-0.28444648516136517
56800,3.79178858001932,2.20821141998068,75.8357716003864,44.1642283996136,21.09375,19.334048481815014,-10.575382636163498,-8.2049006704214,457.492673992674,264.1419413919414,2.562120339445934,2.5650246260753855,-0.28716008882023886
56833,3.777281269409365,2.2227187305906355,75.54562538818729,44.45437461181271,20.7421875,19.059883276627446,-10.52115781786249,-8.2049006704214,455.8525641025641,265.9642857142857,2.565397775604561,2.5671335013127607,-0.29014621219910586
56866,3.7627209584285914,2.2372790415714086,75.25441916857183,44.74558083142817,20.390625,18.786962024654837,-10.569112412816086,-8.2049006704214,452.75457875457874,267.2399267399268,2.565397775604561,2.5697336686058483,-0.29120621961545773
56900,3.7481010401474526,2.2518989598525474,74.96202080294906,45.037979197050944,20.0390625,18.51352234601994,-10.549073954246918,-8.2049006704214,453.1190476190476,270.7023809523809,2.5692526831429223,2.5697336686058483,-0.2923983656227724
56933,3.733463117577836,2.266536882422164,74.66926235155672,45.330737648443275,19.6875,18.24005000367391,-10.547813966120058,-8.2049006704214,451.4789377289377,271.97802197802196,2.572220188137001,2.5742921420076086,-0.2927584513923264
56966,3.7188380104639496,2.2811619895360504,74.376760209279,45.623239790721,19.3359375,17.966497581508435,-10.54472619584454,-8.2049006704214,448.38095238095235,272.3424908424908,2.5762944386747546,2.5757822200491463,-0.2925021422777267
57000,3.704243451841387,2.295756548158613,74.08486903682774,45.91513096317226,18.984375,17.692384649768556,-10.523164206942056,-8.2049006704214,445.4652014652014,273.80036630036625,2.5762944386747546,2.5789434780592475,-0.29189117245125945
57033,3.689759732358475,2.3102402676415257,73.7951946471695,46.20480535283051,18.6328125,17.419551067146607,-10.572508575463516,-8.2049006704214,445.1007326007325,277.2628205128205,2.57913409941493,2.5789434780592475,-0.2896743896582512
57066,3.675344219954521,2.3246557800454783,73.50688439909042,46.49311560090957,18.28125,17.14496361314763,-10.504978832557311,-8.2049006704214,442.0027472527472,277.080586080586,2.5821561480889943,2.582463021277845,-0.2883102480790653
57100,3.661099046378305,2.338900953621695,73.2219809275661,46.778019072433906,17.9296875,16.871634241209858,-10.553331211699096,-8.2049006704214,441.4560439560439,279.8141025641025,2.5855691298006724,2.584474719055866,-0.28490347152432655
57133,3.645034395024954,2.3549656049750465,72.90068790049908,47.09931209950093,17.666015625,16.599000160768384,-7.935183820216377,-8.2049006704214,438.540293040293,281.6364468864468,2.5855691298006724,2.587409039249913,-0.3212930270670188
57166,3.6304149335752043,2.3695850664247957,72.60829867150409,47.39170132849591,17.314453125,16.324312582369465,-10.501149738034169,-8.2049006704214,437.6291208791209,282.72985347985343,2.5885890402085945,2.587409039249913,-0.2923892289949953
57200,3.6180366591360613,2.381963340863938,72.36073318272123,47.63926681727876,16.875,16.050776873577806,-13.181713114749362,-8.2049006704214,436.5357142857142,286.3745421245422,2.590989201623751,2.59087301539735,-0.2475654887828479
57233,3.604644391841674,2.395355608158326,72.09288783683348,47.907112163166516,16.5234375,15.778295190954111,-10.586162578600419,-8.2049006704214,434.5311355311355,286.9212454212455,2.594403369644064,2.5919091787024455,-0.26784534588775416
57266,3.5895321081471683,2.4104678918528317,71.79064216294337,48.20935783705663,16.259765625,15.505063670664175,-7.917832985239371,-8.2049006704214,432.5265567765568,288.1968864468865,2.594403369644064,2.595238411065996,-0.3022456738901085
57300,3.5762508147830396,2.4237491852169604,71.52501629566079,48.47498370433921,15.908203125,15.2362640531577,-10.503183332630385,-7.807435063127777,430.8864468864469,289.4725274725275,2.597072423045075,2.5975391689547953,-0.2656258672825835
57333,3.5637175111099713,2.436282488890028,71.27435022219943,48.72564977780056,15.556640625,14.983470709254572,-10.544017466423323,-7.356056114174433,429.06410256410254,291.65934065934067,2.5998377116908187,2.5975391689547953,-0.25066607346135533
57366,3.5520893113772694,2.4479106886227306,71.04178622754539,48.95821377245461,15.205078125,14.74628788442092,-10.569747933889595,-6.905775979633092,428.1529304029304,293.1172161172161,2.6028583784832824,2.599144550233012,-0.23256399465404565
57400,3.5395012378264323,2.4604987621735672,70.79002475652865,49.20997524347135,14.94140625,14.524032901031728,-7.925501685959482,-6.455393053385217,426.69505494505495,294.5750915750916,2.6028583784832824,2.601556841489576,-0.25176147101673313
57433,3.529407655699886,2.470592344300114,70.58815311399772,49.41184688600229,14.58984375,14.316161630910928,-10.535690941769046,-6.003657372446505,425.7838827838828,296.3974358974359,2.605289146125604,2.6036424848258717,-0.2018716425309397
57466,3.518677470137837,2.4813225298621635,70.37354940275674,49.62645059724327,14.326171875,14.12362813835556,-7.913041107553917,-5.552565233180681,423.23260073260064,297.6730769230769,2.607792652362043,2.6036424848258717,-0.21460371124099087
57500,3.508773831721027,2.491226168278973,70.17547663442053,49.824523365579466,14.0625,13.946231753617987,-7.917987060391897,-5.101754867606754,422.50366300366295,298.94871794871796,2.609562554771707,2.605990062008272,-0.1980727683362045
57533,3.497819402634454,2.5021805973655464,69.95638805268908,50.04361194731093,13.88671875,13.78324930145287,-5.258343844387684,-4.649202917545559,421.5924908424908,299.8598901098901,2.609562554771707,2.6073986145460952,-0.21908858173146087
57566,3.4892940330005384,2.5107059669994616,69.78588066001076,50.21411933998924,13.623046875,13.635813234770811,-7.911084536671022,-4.197999214088872,420.1346153846153,300.77106227106225,2.611472065934257,2.609001964840238,-0.17050739267831816
57600,3.48203885717268,2.51796114282732,69.6407771434536,50.359222856546396,13.359375,13.503416219894609,-7.911128449093609,-3.7467980151355342,417.03663003663,306.96703296703294,2.612852453109073,2.609001964840238,-0.14510351655715886
57633,3.474206103521068,2.5257938964789317,69.48412207042136,50.51587792957863,13.18359375,13.385810446212437,-5.262252791800045,-3.294582233222115,417.94780219780216,303.6868131868132,2.6135726647039785,2.6113077044670154,-0.15665507303223428
57666,3.4672849374421877,2.5327150625578123,69.34569874884376,50.65430125115624,13.0078125,13.28395740302716,-5.29832846476908,-2.8454455334698383,415.9432234432234,304.59798534798534,2.6135726647039785,2.6121213377547967,-0.138423321577606
57700,3.461391079723271,2.538608920276729,69.22782159446542,50.772178405534575,12.83203125,13.19659714184404,-5.271256359243274,-2.394002158552753,415.760989010989,304.59798534798534,2.6159253406088334,2.6133121068637606,-0.11787715437833168
57733,3.456696585332489,2.543303414667511,69.13393170664979,50.86606829335021,12.65625,13.124350042772432,-5.276046821837933,-1.9429686781408104,415.5787545787545,306.0558608058608,2.6167103198820696,2.6133121068637606,-0.09388988781563604
57766,3.4513438215299446,2.5486561784700554,69.02687643059889,50.97312356940111,12.568359375,13.06703179670398,-2.6328225411707216,-1.4910442275449538,415.3965201465201,306.6025641025641,2.6184626458090654,2.614718402930571,-0.10705527605090098
57800,3.4467882701953982,2.5532117298046018,68.93576540390796,51.064234596092035,12.48046875,13.02485078873141,-2.636682390248991,-1.0397813508195528,414.48534798534797,306.96703296703294,2.619196425300136,2.6145947206810427,-0.0911110266909226
57833,3.4431655265069394,2.5568344734930606,68.86331053013879,51.13668946986121,12.392578125,12.997700142883316,-2.635078044852576,-0.5882437264371476,414.48534798534797,307.51373626373623,2.619196425300136,2.615217535580403,-0.07245487376917845
57866,3.442640105550918,2.5573598944490823,68.85280211101836,51.147197888981644,12.216796875,12.985622565208816,-5.2845120406864705,-0.13793275305902553,412.4807692307692,308.242673992674,2.6195872274444914,2.615217535580403,-0.010508419120431538
57900,3.4392847949669703,2.56071520503303,68.7856958993394,51.214304100660605,12.216796875,12.973712736543085,0.0,-0.9662926633190564,412.1163003663004,307.69597069597063,2.6197849691539608,2.6162222754526328,-0.06710621167896783
57933,3.437128250966913,2.5628717490330875,68.74256501933826,51.25743498066175,12.12890625,12.918418661724267,-2.6386921748633143,-2.353834882496444,413.5741758241758,308.78937728937734,2.620265931198237,2.6156399680933418,-0.04313088000115019
57966,3.43247925815102,2.56752074184898,68.6495851630204,51.350414836979596,12.12890625,12.816509635335276,0.0,-3.745807409894843,412.1163003663004,308.97161172161174,2.620265931198237,2.6159775848101416,-0.0929798563178581
58000,3.428273661956699,2.571726338043301,68.56547323913398,51.43452676086602,12.041015625,12.668986086966157,-2.6441328721486066,-5.130494554251814,411.7518315018315,308.6071428571429,2.620249483398532,2.6159775848101416,-0.08411192388642114
58033,3.420775503058729,2.579224496941271,68.41551006117457,51.58448993882543,12.041015625,12.474752245911697,0.0,-6.519550312367672,412.2985347985348,309.1538461538462,2.620398384914512,2.617012284760963,-0.14996317795940492
58066,3.4128768989447122,2.5871231010552878,68.25753797889425,51.74246202110575,11.953125,12.234463865452263,-2.6384501802109637,-7.9072197948147895,411.20512820512823,309.7005494505495,2.6203100813211138,2.6165618765806955,-0.15797208228032042
58100,3.4048311536818407,2.5951688463181584,68.09662307363682,51.90337692636317,11.77734375,11.947240561752526,-5.2648360211811935,-9.29806911331433,410.1117216117216,309.7005494505495,2.6203100813211138,2.6167103198820696,-0.16091490525742358
58133,3.396932425503219,2.6030675744967806,67.93864851006438,52.06135148993561,11.513671875,11.614033705612663,-7.907310408774149,-10.687149574341833,408.65384615384613,311.8873626373627,2.620846608900611,2.6167103198820696,-0.1579745635724306
58166,3.3874458146404156,2.6125541853595844,67.74891629280832,52.25108370719168,11.25,11.233583344294837,-7.889207170870814,-12.079417536154674,407.37820512820514,312.434065934066,2.621763185095647,2.618152215868238,-0.18973221725606515
58200,3.373980197539708,2.626019802460292,67.47960395079416,52.52039604920584,11.07421875,10.808386175951714,-5.280414035531407,-13.466163640304588,406.46703296703294,314.2564102564103,2.623148561603278,2.6188172433626353,-0.26931234201416065
58233,3.359403959994882,2.640596040005118,67.18807919989764,52.81192080010236,10.810546875,10.338003495945763,-7.936325012677138,-14.850165728243573,405.73809523809524,315.7142857142857,2.623148561603278,2.620107086554601,-0.291524750896515
58266,3.3438944499738517,2.6561055500261483,66.87788899947704,53.12211100052297,10.458984375,9.818383433895582,-10.518283885079972,-16.24252092079712,403.91575091575095,316.9899267399268,2.6246482872920436,2.620107086554601,-0.3101902004206124
58300,3.3277977799544987,2.6722022200455013,66.55595559908997,53.44404440091003,10.01953125,9.255346764419482,-13.217866488210653,-17.62750116677761,401.3644688644688,318.4478021978022,2.6245351811120985,2.6227079824026687,-0.32193340038706847
58333,3.3072561469779327,2.692743853022067,66.14512293955866,53.85487706044133,9.66796875,8.642113495989774,-10.50533354863886,-19.02157277015292,400.0888278388278,320.63461538461536,2.6262018502848496,2.6226473012798834,-0.41083265953130144
58366,3.2857956061591578,2.7142043938408422,65.71591212318316,54.28408787681684,9.228515625,7.996853666206514,-13.194832712621338,-19.436276325064874,396.9908424908425,322.27472527472526,2.6262018502848496,2.624377828154192,-0.42921081637550534
58400,3.2621605750196214,2.7378394249803786,65.24321150039243,54.756788499607566,8.7890625,7.348679837054376,-13.17753353384542,-19.436276325064874,395.35073260073256,325.3727106227106,2.6275710426723835,2.627579301045996,-0.472700622790724
58433,3.2362757835692952,2.7637242164307048,64.7255156713859,55.27448432861409,8.349609375,6.700667270758046,-13.180812863291639,-19.436276325064874,392.0705128205128,329.3818681318681,2.6286406086275895,2.627579301045996,-0.5176958290065303
58466,3.2101130739688917,2.7898869260311083,64.20226147937782,55.79773852062217,7.822265625,6.05483838949199,-15.870455999432862,-19.436276325064874,389.3369963369964,329.1996336996337,2.6302257228137194,2.6298737381974924,-0.5232541920080769
58500,3.18221601767439,2.81778398232561,63.64432035348779,56.35567964651221,7.294921875,5.4060886634286955,-15.799002961422378,-19.436276325064874,385.14560439560444,333.2087912087912,2.6302257228137194,2.630753832249522,-0.5579411258900335
58533,3.1545837019074447,2.8454162980925553,63.091674038148895,56.908325961851105,6.6796875,4.7574066145593275,-18.434093155530896,-19.436276325064874,383.68772893772893,339.2225274725275,2.631634368164114,2.6344386197254677,-0.5526463153388976
58566,3.1279254457770906,2.8720745542229094,62.558508915541815,57.441491084458185,5.9765625,4.109837486875755,-21.10374198959499,-19.436276325064874,378.03846153846155,341.40934065934067,2.6336505933030305,2.6344386197254677,-0.5331651226070832
58600,3.094880602013531,2.905119397986469,61.89761204027062,58.10238795972938,5.537109375,3.462028632096649,-13.184957733135288,-19.436276325064874,374.029304029304,343.96062271062266,2.6346629207091925,2.636666025386045,-0.6608968752711902
58633,3.0593071622169794,2.9406928377830206,61.18614324433959,58.81385675566041,5.09765625,2.813473268862404,-13.169781415142399,-19.436276325064874,370.56684981684987,347.24084249084245,2.6346629207091925,2.637129938204767,-0.7114687959310304
58666,3.0271770013263506,2.9728229986736494,60.54354002652701,59.45645997347299,4.39453125,2.165427583077215,-21.088222776304757,-19.436276325064874,367.4688644688645,351.6144688644688,2.6354611524811262,2.6392534092991053,-0.6426032178125797
58700,2.994590233230449,3.005409766769551,59.891804664608976,60.108195335391024,3.69140625,1.5188018144948892,-21.13453013328423,-19.436276325064874,363.459706959707,356.717032967033,2.637940950800419,2.6392534092991053,-0.6517353619180352
58733,2.959509458508373,3.040490541491627,59.190189170167464,60.809810829832536,3.076171875,0.8712823464936332,-18.467190421455193,-19.436276325064874,360.17948717948724,361.4551282051283,2.6399546534284966,2.6402656126651,-0.7016154944415146
58766,2.9232547407287472,3.0767452592712528,58.46509481457494,61.53490518542506,2.4609375,0.223756036854045,-18.46699530067634,-19.436276325064874,355.9880952380953,364.9175824175824,2.6399546534284966,2.641649178730088,-0.7250943555925261
58800,2.8878254799540706,3.1121745200459294,57.75650959908141,62.24349040091859,1.7578125,-0.42385233270720146,-21.1024632067681,-19.436276325064874,352.7078754578754,368.56227106227107,2.640273785023624,2.6424871171539825,-0.7085852154935268
58833,2.85651339676068,3.14348660323932,57.130267935213595,62.869732064786405,0.87890625,-1.0607582819341959,-26.35039966215004,-18.46244521940661,347.058608058608,373.48260073260076,2.639375782310267,2.6424871171539825,-0.6262416638678143
58866,2.8232914669466775,3.1767085330533225,56.46582933893356,63.53417066106644,0.17578125,-1.654735012972849,-21.030741895994566,-17.069704320719374,342.5027472527472,376.2161172161172,2.6385159967594536,2.6434136081439203,-0.6644385962800327
58900,2.7893132806239755,3.2106867193760245,55.786265612479504,64.21373438752049,-0.439453125,-2.198648638747843,-18.5255468741096,-15.68625919241016,338.8580586080586,381.31868131868134,2.637554339929776,2.642507135551054,-0.6795637264540542
58933,2.7561277723994455,3.2438722276005545,55.12255544798891,64.8774445520111,-1.0546875,-2.700173587038835,-18.387854121235257,-14.29245448832274,334.30219780219784,384.05219780219784,2.637554339929776,2.642621405501142,-0.6637101644905973
58966,2.724275857937508,3.2757241420624923,54.48551715875016,65.51448284124984,-1.669921875,-3.1531672710135537,-18.46898714889398,-12.904772675257762,331.021978021978,388.2435897435897,2.6353472011104553,2.642621405501142,-0.6370382892387463
59000,2.6941850585444924,3.3058149414555085,53.88370117088984,66.11629882911016,-2.28515625,-3.5588411720230573,-18.52177726919476,-11.521045984251874,327.1950549450549,393.89285714285717,2.6341269441954407,2.6433288166720335,-0.6018159878603211
59033,2.6662011509526597,3.3337988490473403,53.3240230190532,66.6759769809468,-2.900390625,-3.920835117686379,-18.396987531315087,-10.12793325160336,324.09706959706955,397.1730769230769,2.632049309657314,2.6424244332798015,-0.5596781518366453
59066,2.638915430841248,3.361084569158752,52.77830861682496,67.22169138317504,-3.427734375,-4.234345111682795,-15.871773869781718,-8.743854763814445,319.9056776556776,401.3644688644688,2.632049309657314,2.642278471783431,-0.5457144022282411
59100,2.613987620461363,3.386012379538637,52.27975240922726,67.72024759077274,-3.955078125,-4.5033229719758845,-15.777889856285267,-7.351540520508707,316.4432234432235,403.91575091575095,2.6307735723162633,2.642278471783431,-0.4985562075977008
59133,2.593979085006911,3.40602091499309,51.87958170013821,68.1204182998618,-4.5703125,-4.725230957016878,-18.45706410299165,-5.962962281345697,313.34523809523813,407.37820512820514,2.6279357521676037,2.6428265839612064,-0.40017070908904684
59166,2.5740663614883226,3.4259336385116774,51.48132722976645,68.51867277023355,-5.009765625,-4.90054828641467,-13.210015234220927,-4.577158884786716,310.06501831501834,409.7472527472528,2.626789426235461,2.641225248468722,-0.3982544703717592
59200,2.5573347658683128,3.4426652341316872,51.14669531736625,68.85330468263375,-5.44921875,-5.029974274125166,-13.183961318743453,-3.188616887613742,308.6071428571429,411.9340659340659,2.626789426235461,2.6393674682605424,-0.3346319124001956
59233,2.544287842646379,3.455712157353621,50.88575685292758,69.11424314707241,-5.888671875,-5.113167104041346,-13.172917890659692,-1.7989108154944027,307.14926739926733,415.03205128205127,2.624612271871022,2.6393674682605424,-0.26093846443867175
59266,2.531423412665336,3.468576587334664,50.62846825330672,69.37153174669328,-6.15234375,-5.149985230385643,-7.911634063832107,-0.4105894776407966,306.2380952380952,417.03663003663,2.6226997469839226,2.6379856941457125,-0.2572885996208577
59300,2.521416377258652,3.478583622741348,50.42832754517305,69.57167245482695,-6.416015625,-5.148634799590294,-7.895743123964517,0.2866774070680883,303.8690476190476,417.2188644688644,2.6211133466409966,2.6370160242516545,-0.2001407081336756
59333,2.516380087774759,3.483619912225241,50.32760175549518,69.67239824450482,-6.767578125,-5.132321827867768,-10.551120137557925,0.6924948564409302,302.95787545787545,418.49450549450546,2.6211133466409966,2.6366165097420855,-0.10072578967786792
59366,2.5112200005232097,3.4887799994767903,50.224400010464194,69.7755999895358,-6.943359375,-5.102546096714576,-5.284088372552594,1.097657332951685,302.0467032967033,418.67673992673986,2.620725522250678,2.6366165097420855,-0.10320174503098321
59400,2.5067452697305637,3.4932547302694363,50.134905394611266,69.86509460538873,-7.03125,-5.059182406503893,-2.6362576948068344,1.5037091266254372,302.2289377289377,420.86355311355305,2.6189791425342746,2.636083285533693,-0.08949461585292523
59433,2.502429042950021,3.4975709570499793,50.04858085900042,69.95141914099959,-7.03125,-5.002228095886067,0.0,1.910100129404084,302.0467032967033,420.3168498168498,2.6179464459466777,2.6357168786903253,-0.08632453561085147
59466,2.501732371240288,3.498267628759712,50.034647424805755,69.96535257519425,-7.119140625,-4.931914186938271,-2.6409077578663647,2.3154369543552846,300.58882783882785,419.4056776556776,2.6179464459466777,2.634585386714673,-0.0139334341946602
59500,2.5014962069947986,3.4985037930052014,50.029924139895975,69.97007586010403,-7.119140625,-4.847867432961003,0.0,2.7218615601576226,300.77106227106225,419.4056776556776,2.6172018134970565,2.6347602430811765,-0.004723284909780086
59533,2.5031820321424494,3.4968179678575506,50.06364064284899,69.93635935715102,-7.119140625,-4.7503310207865574,0.0,3.1280033475999174,301.31776556776555,421.22802197802196,2.616529194834751,2.6347602430811765,0.03371650295300999
59566,2.50895154441839,3.4910484555816095,50.1790308883678,69.8209691116322,-7.20703125,-4.639228862020393,-2.6351745115402596,3.5342220480596698,300.9532967032967,419.04120879120876,2.616579441472461,2.6349035451778833,0.11539024551881147
59600,2.515659658028377,3.484340341971623,50.313193160567536,69.68680683943246,-7.20703125,-4.514817764275617,0.0,3.939700044719564,300.22435897435895,420.1346153846153,2.616579441472461,2.6345045106227714,0.1341622721997352
59633,2.5247829623660034,3.475217037633996,50.49565924732007,69.50434075267992,-7.20703125,-4.376886467650216,0.0,4.345236916722633,301.31776556776555,419.22344322344316,2.616968361966689,2.6343462602667547,0.182466086752534
59666,2.5364892007840756,3.4635107992159244,50.72978401568151,69.27021598431848,-7.20703125,-4.225250137566316,0.0,4.751291414188787,300.58882783882785,419.04120879120876,2.616641783868649,2.6343462602667547,0.23412476836144167
59700,2.5509481668806617,3.4490518331193387,51.018963337613236,68.98103666238677,-7.20703125,-4.06011048600291,0.0,5.157264942904573,302.41117216117215,419.04120879120876,2.616960153567117,2.634232381195776,0.28917932193172446
59733,2.568339114234501,3.431660885765499,51.36678228469002,68.63321771530998,-7.20703125,-3.8812374119908375,0.0,5.563678964783291,304.2335164835165,418.67673992673986,2.616960153567117,2.6328662627987365,0.3478189470767832
59766,2.5888479815651038,3.4111520184348962,51.77695963130208,68.22304036869792,-7.20703125,-3.6885598501514654,0.0,5.970588494348234,302.2289377289377,419.04120879120876,2.617542901866407,2.6321711819611475,0.4101773466120547
59800,2.612653311730394,3.3873466882696057,52.25306623460788,67.74693376539211,-7.20703125,-3.4828787694276735,0.0,6.376368954820157,302.0467032967033,418.1300366300366,2.6173716291440905,2.6321711819611475,0.47610660330580257
59833,2.6399381465173377,3.3600618534826623,52.798762930346754,67.20123706965325,-7.20703125,-3.264277889651102,0.0,6.781072668981861,305.14468864468864,418.49450549450546,2.618894082326564,2.6322978567828788,0.5456966957388751
59866,2.6648925406822106,3.335107459317789,53.29785081364421,66.70214918635578,-6.943359375,-3.0307507914164735,7.886292329709038,7.188281958522124,312.9807692307692,411.7518315018315,2.618894082326564,2.6284615775034244,0.4990878832974586
59900,2.663033058989827,3.336966941010173,53.26066117979653,66.73933882020347,-5.44921875,-2.7911152745229826,44.923754514407555,7.205390698620711,316.4432234432235,405.0091575091575,2.6374108215320984,2.624700793029121,-0.03718963384767976
59933,2.660448719430842,3.3395512805691574,53.208974388616845,66.79102561138315,-4.306640625,-2.551076654105796,34.29748837922014,7.205390698620711,320.2701465201465,404.8269230769231,2.6287951554643283,2.624700793029121,-0.051686791179681335
59966,2.6756411474576884,3.3243588525423116,53.51282294915377,66.48717705084623,-4.21875,-2.3103416399046885,2.6306364031528924,7.205390698620711,320.4523809523809,399.90659340659334,2.6310548924104564,2.6401795133363692,0.3038485605369288
60000,2.694842055580693,3.305157944419307,53.89684111161386,66.10315888838615,-4.21875,-2.070456602374869,0.0,7.205390698620711,322.4569597069597,399.5421245421245,2.635692279616948,2.6386995554426274,0.38401816246008674
60033,2.714825672825672,3.285174327174328,54.29651345651344,65.70348654348656,-4.130859375,-1.8302582600768302,2.6365139984404093,7.205390698620711,324.09706959706955,397.90201465201466,2.635692279616948,2.633395022379269,0.39967234489958187
60066,2.728926186584041,3.271073813415959,54.57852373168082,65.42147626831918,-3.69140625,-1.5898365506701553,13.170322543538553,7.205390698620711,325.0082417582417,395.16849816849816,2.6376271963908597,2.633395022379269,0.28201027516737626
60100,2.74431745812251,3.25568254187749,54.886349162450195,65.1136508375498,-3.33984375,-1.3501016158509693,10.566441513392311,7.205390698620711,328.10622710622704,394.9862637362637,2.637313352264549,2.6344105477541566,0.30782543076937974
60133,2.7596953696128708,3.2403046303871292,55.193907392257415,64.80609260774258,-2.98828125,-1.1090270187621736,10.5077233274429,7.205390698620711,332.6620879120879,394.62179487179486,2.638663104616834,2.634069211030598,0.3075582298072199
60166,2.774947007579339,3.225052992420661,55.49894015158679,64.50105984841322,-2.63671875,-0.8690882074230519,10.557463185493498,7.205390698620711,331.7509157509157,389.7014652014652,2.638663104616834,2.634155011633792,0.30503275932936885
60200,2.7880408966612844,3.2119591033387156,55.76081793322569,64.2391820667743,-2.197265625,-0.6290034148787225,13.188804779337081,7.205390698620711,334.11996336996333,386.6034798534799,2.6400241074135424,2.634155011633792,0.26187778163890324
60233,2.802228674027922,3.197771325972078,56.04457348055844,63.95542651944156,-1.845703125,-0.38878478938772854,10.545165522890795,7.205390698620711,336.67124542124543,386.6034798534799,2.6406941289072785,2.635020814271227,0.28375554733275465
60266,2.818152769026456,3.181847230973544,56.36305538052912,63.63694461947088,-1.58203125,-0.14868905905147756,7.912922370390168,7.205390698620711,336.8534798534798,384.96336996337,2.641592804579413,2.6341467222400348,0.3184818999706787
60300,2.832470235244594,3.167529764755406,56.64940470489188,63.35059529510812,-1.23046875,0.091332217993495,10.553835887679249,7.205390698620711,338.4935897435897,382.5943223443224,2.641592804579413,2.6343379699702254,0.2863493243627586
60333,2.8464530774847283,3.1535469225152717,56.929061549694566,63.070938450305434,-0.87890625,0.3312907865081236,10.556593928544881,7.205390698620711,341.2271062271062,380.2252747252748,2.6427605267491905,2.6343379699702254,0.27965684480268793
60366,2.860074539843802,3.139925460156198,57.201490796876044,62.798509203123956,-0.52734375,0.5718261753707226,10.531278492791165,7.205390698620711,342.68498168498166,378.58516483516485,2.643091860760685,2.634829492177848,0.2724292471814792
60400,2.87327823397071,3.12672176602929,57.46556467941419,62.53443532058581,-0.17578125,0.8124440371477641,10.527668847091137,7.205390698620711,343.4139194139194,376.5805860805861,2.64347968984378,2.6346957973199148,0.26407388253814923
60433,2.885982029529812,3.114017970470188,57.71964059059625,62.28035940940375,0.17578125,1.0519790800154216,10.575259206993774,7.205390698620711,346.32967032967025,375.85164835164835,2.64347968984378,2.6347883206421554,0.2540759111820563
60466,2.9001517205272216,3.0998482794727784,58.00303441054444,61.99696558945556,0.439453125,1.2918204381363592,7.911633826333307,7.120840510209257,349.6098901098901,375.48717948717945,2.644862418126399,2.6347883206421554,0.2833938199481876
60500,2.9122058237691717,3.0877941762308283,58.244116475383436,61.755883524616564,0.791015625,1.5226514192027216,10.535767036225304,6.714431688950406,348.51648351648345,371.8424908424908,2.6445803436018194,2.63498778607955,0.2410820648389959
60533,2.9232801985012546,3.0767198014987454,58.4656039700251,61.5343960299749,1.142578125,1.7393648428285324,10.563684040053829,6.309096897980233,351.6144688644688,371.1135531135531,2.645594295887129,2.6347602430811765,0.22148749464166567
60566,2.9352643677619916,3.0647356322380084,58.70528735523983,61.29471264476017,1.40625,1.9433800314873824,7.890973451308318,5.9021291751126315,352.34340659340654,368.1978021978022,2.645594295887129,2.6350173222744675,0.2396833852147289
60600,2.946656453168251,3.053343546831749,58.933129063365016,61.066870936634984,1.669921875,2.1326792611776373,7.939276483905817,5.497637468192284,353.07234432234424,366.7399267399268,2.64654863703278,2.6350256157781042,0.22784170812518237
60633,2.9573644754883115,3.0426355245116885,59.14728950976623,60.85271049023377,1.93359375,2.3092242358930783,7.907512689348549,5.091520953069472,354.8946886446886,367.1043956043956,2.6467128216954645,2.6350256157781042,0.21416044640121662
60666,2.9652388202642572,3.0347611797357428,59.304776405285146,60.695223594714854,2.28515625,2.472804809244029,10.504525584959936,4.683903433589985,355.07692307692304,364.5531135531136,2.646643103594126,2.6352731294065825,0.1574868955189164
60700,2.975385092842222,3.024614907157778,59.507701856844434,60.492298143155566,2.4609375,2.6217892044702795,5.287502838887431,4.279002595451509,356.8992673992675,363.8241758241759,2.646643103594126,2.6351312522498325,0.2029254515592901
60733,2.9850884801950315,3.0149115198049685,59.70176960390063,60.29823039609937,2.63671875,2.757731356603191,5.270372409869261,3.872785697549563,358.53937728937734,363.2774725274726,2.647777683185895,2.634971344964534,0.19406774705619523
60766,2.9921934102280487,3.0078065897719513,59.84386820456098,60.15613179543902,2.900390625,2.8798841112922027,7.922066759799749,3.467415281715196,359.08608058608064,362.00183150183153,2.647073173440954,2.634971344964534,0.14209860066034433
60800,2.999889041633111,3.000110958366889,59.99778083266222,60.00221916733778,3.076171875,2.9889559476521748,5.260153246253912,3.0604092058656427,360.90842490842493,360.36172161172163,2.6476878454815744,2.635591412461719,0.15391262810124404
60833,3.0067030657234035,2.9932969342765965,60.13406131446807,59.86593868553193,3.251953125,3.0842588719292765,5.270123856670229,2.654173149683509,362.184065934066,360.72619047619054,2.6476878454815744,2.634895397740166,0.13628048180584684
60866,3.012486537632538,2.987513462367462,60.249730752650756,59.750269247349244,3.427734375,3.165676419652152,5.293813440898991,2.2497549821325333,362.184065934066,360.36172161172163,2.648836001792407,2.635020814271227,0.11566943818268244
60900,3.0171284748339913,2.9828715251660087,60.34256949667982,59.65743050332018,3.603515625,3.234168197934808,5.250676343363876,1.8420143043375843,363.64194139194143,356.5347985347986,2.647802451644157,2.635020814271227,0.09283874402906947
60933,3.0224553332833404,2.9775446667166596,60.449106665666804,59.550893334333196,3.69140625,3.288734149816147,2.640478844655102,1.4366116374200355,362.7307692307692,358.17490842490844,2.6478604903396077,2.6358918477157878,0.10653716898698078
60966,3.027044668960554,2.972955331039446,60.54089337921108,59.45910662078892,3.779296875,3.3299015635083893,2.6331379720116144,1.0300787565225111,364.5531135531136,357.2637362637363,2.6478604903396077,2.6350570441472057,0.09178671354427406
61000,3.0307633444717443,2.9692366555282557,60.61526688943488,59.38473311056512,3.8671875,3.3574499583205006,2.6394097865958948,0.6245118866113637,364.735347985348,356.35256410256414,2.649024158344104,2.634944719414386,0.0743735102237997
61033,3.033480672714015,2.966519327285985,60.66961345428031,59.33038654571969,3.955078125,3.3714791994142383,2.6444938262967126,0.2197247190566601,365.0998168498169,357.44597069597074,2.648467079566001,2.634944719414386,0.05434656484542944
61066,3.0351721293573304,2.9648278706426696,60.70344258714661,59.29655741285339,4.04296875,3.3734611877723886,2.628138246633559,0.0,365.82875457875457,356.35256410256414,2.648400810766996,2.635627799656704,0.03382913286630416
61100,3.0358850572548164,2.9641149427451836,60.71770114509633,59.28229885490367,4.130859375,3.3734611877723886,2.6353413098846974,0.0,364.0064102564103,355.441391941392,2.648839667940566,2.6350173222744675,0.01425855794971809
61133,3.037600516490203,2.962399483509797,60.75201032980406,59.24798967019594,4.130859375,3.3734611877723886,0.0,0.0,365.82875457875457,355.441391941392,2.648839667940566,2.634890451099988,0.034309184707733364
61166,3.036987341702838,2.963012658297162,60.73974683405676,59.26025316594324,4.21875,3.3734611877723886,2.633691716390757,0.0,366.5576923076923,355.9880952380953,2.6486018240196323,2.634890451099988,-0.01226349574730071
61200,3.0373398058805776,2.9626601941194224,60.74679611761155,59.25320388238845,4.21875,3.3734611877723886,0.0,0.0,366.1932234432235,354.8946886446886,2.6486101817400853,2.6355866094082785,0.007049283554794783
61233,3.037339118609988,2.962660881390012,60.74678237219976,59.25321762780024,4.21875,3.3734611877723886,0.0,0.0,364.5531135531136,356.8992673992675,2.6486384809820325,2.634814507372948,-1.3745411793109064e-05
61266,3.036986419657378,2.963013580342622,60.73972839314756,59.26027160685244,4.21875,3.3734611877723886,0.0,0.0,364.735347985348,355.2591575091576,2.6486384809820325,2.6347733361884806,-0.00705397905220044
61300,3.036281122223271,2.963718877776729,60.72562244446542,59.27437755553458,4.21875,3.3734611877723886,0.0,0.0,365.2820512820513,355.9880952380953,2.648826616487803,2.6347733361884806,-0.01410594868213845
61333,3.035223639157272,2.964776360842728,60.704472783145434,59.295527216854566,4.21875,3.3734611877723886,0.0,0.0,364.9175824175824,356.8992673992675,2.6486834967729176,2.6355454201254442,-0.021149661319988536
61366,3.033815374579185,2.966184625420815,60.6763074915837,59.3236925084163,4.21875,3.3734611877723886,0.0,0.0,364.9175824175824,355.80586080586085,2.6486101817400853,2.6347602430811765,-0.02816529156173181
61400,3.0320543166171285,2.9679456833828715,60.641086332342574,59.358913667657426,4.21875,3.3734611877723886,0.0,0.0,364.5531135531136,355.9880952380953,2.6486101817400853,2.6347122358560418,-0.035221159241126204
61433,3.0299413150716275,2.9700586849283725,60.59882630143255,59.40117369856745,4.21875,3.3734611877723886,0.0,0.0,365.4642857142857,356.5347985347986,2.6492500313429845,2.6347122358560418,-0.04226003091001959
61466,3.027476579500363,2.972523420499637,60.549531590007255,59.450468409992745,4.21875,3.3734611877723886,0.0,0.0,364.735347985348,355.441391941392,2.6487248477940386,2.6355420726289815,-0.04929471142529722
61500,3.024658130712378,2.975341869287622,60.49316261424755,59.50683738575245,4.21875,3.3734611877723886,0.0,0.0,364.9175824175824,356.717032967033,2.648642146720128,2.6349282787024415,-0.056368975759702206
61533,3.0214886481992806,2.9785113518007194,60.42977296398561,59.57022703601439,4.21875,3.3734611877723886,0.0,0.0,363.64194139194143,355.9880952380953,2.648642146720128,2.634829492177848,-0.06338965026194138
61566,3.017966078807358,2.982033921192642,60.35932157614715,59.64067842385285,4.21875,3.3734611877723886,0.0,0.0,365.0998168498169,355.441391941392,2.649586107556685,2.634829492177848,-0.0704513878384613
61600,3.014091831347775,2.985908168652225,60.281836626955496,59.718163373044504,4.21875,3.3734611877723886,0.0,0.0,364.18864468864473,355.441391941392,2.648495376514497,2.6351229582474707,-0.07748494919165534
61633,3.009864563734352,2.990135436265648,60.197291274687046,59.802708725312954,4.21875,3.3734611877723886,0.0,0.0,364.735347985348,356.17032967032975,2.6486183928723888,2.6349810932176996,-0.08454535226844939
61666,3.0052853030246878,2.9947146969753122,60.10570606049376,59.89429393950624,4.21875,3.3734611877723886,0.0,0.0,364.5531135531136,356.5347985347986,2.6486183928723888,2.6348261460452806,-0.09158521419328478
61700,3.0003548661376125,2.9996451338623875,60.00709732275225,59.99290267724775,4.21875,3.3734611877723886,0.0,0.0,365.2820512820513,355.9880952380953,2.6496643046887995,2.634890451099988,-0.09860873774151059
61733,2.9950708418550906,3.0049291581449094,59.90141683710181,60.09858316289819,4.21875,3.3734611877723886,0.0,0.0,366.0109890109891,355.9880952380953,2.648347592271261,2.634890451099988,-0.10568048565044189
61766,2.9894348332884557,3.0105651667115443,59.788696665769116,60.211303334230884,4.21875,3.3734611877723886,0.0,0.0,364.18864468864473,356.717032967033,2.6484456738855227,2.6351229582474707,-0.11272017133269398
61800,2.983448029706244,3.016551970293756,59.668960594124876,60.331039405875124,4.21875,3.3734611877723886,0.0,0.0,364.5531135531136,356.17032967032975,2.6484456738855227,2.634878812001577,-0.1197360716442396
61833,2.977108312413223,3.022891687586777,59.54216624826446,60.45783375173554,4.21875,3.3734611877723886,0.0,0.0,365.6465201465202,356.35256410256414,2.6491554251750182,2.6351113176084464,-0.12679434586041785
61866,2.970415696085666,3.029584303914334,59.408313921713315,60.591686078286685,4.21875,3.3734611877723886,0.0,0.0,362.00183150183153,358.53937728937734,2.647900649543853,2.6351113176084464,-0.13385232655114213
61900,2.9633707062819266,3.0366292937180734,59.267414125638524,60.732585874361476,4.21875,3.3734611877723886,0.0,0.0,360.72619047619054,360.72619047619054,2.6403749211005665,2.6388135785022278,-0.14089979607478786
61933,2.970109334193934,3.029890665806066,59.40218668387869,60.59781331612131,3.603515625,3.3734611877723886,-18.529680195998267,0.0,358.35714285714295,362.36630036630044,2.6403749211005665,2.644519048105134,0.13477255824016549
61966,2.977559972521657,3.022440027478343,59.55119945043314,60.44880054956686,3.1640625,3.3734611877723886,-13.187456356689202,0.0,357.6282051282052,363.8241758241759,2.6411592512850905,2.643880765347024,0.1490127665544521
62000,2.9785043727774685,3.0214956272225315,59.57008745554937,60.42991254445063,3.1640625,3.3734611877723886,0.0,0.0,357.2637362637363,365.4642857142857,2.643414923905801,2.643880765347024,0.01888800511623012
62033,2.9795359593676403,3.0204640406323597,59.5907191873528,60.4092808126472,3.1640625,3.3734611877723886,0.0,0.0,357.99267399267404,365.0998168498169,2.6434419703398904,2.6448046242861443,0.020631731803435333
62066,2.980654671940862,3.019345328059138,59.61309343881723,60.38690656118277,3.1640625,3.3734611877723886,0.0,0.0,357.44597069597074,364.0064102564103,2.6434419703398904,2.643986934767056,0.022374251464426034
62100,2.981860741662812,3.018139258337188,59.63721483325623,60.36278516674377,3.1640625,3.3734611877723886,0.0,0.0,358.17490842490844,363.459706959707,2.6442039731481826,2.6440365119344444,0.024121394439000323
62133,2.9831542441970917,3.0168457558029083,59.663084883941835,60.336915116058165,3.1640625,3.3734611877723886,0.0,0.0,357.81043956043965,364.0064102564103,2.643423110890691,2.6440365119344444,0.02587005068560698
62166,2.9845348570592503,3.0154651429407497,59.690697141185,60.309302858815,3.1640625,3.3734611877723886,0.0,0.0,357.99267399267404,365.4642857142857,2.6435127316229363,2.6447065985595293,0.02761225724316435
62200,2.9860027516473457,3.0139972483526543,59.72005503294692,60.27994496705308,3.1640625,3.3734611877723886,0.0,0.0,358.7216117216118,366.1932234432235,2.643986934767056,2.6438690666285383,0.029357891761920385
62233,2.9875580022691226,3.0124419977308774,59.75116004538245,60.24883995461755,3.1640625,3.3734611877723886,0.0,0.0,358.53937728937734,363.8241758241759,2.643986934767056,2.6441178273578307,0.031105012435532205
62266,2.9892002673900855,3.0107997326099145,59.78400534780171,60.21599465219829,3.1640625,3.3734611877723886,0.0,0.0,357.2637362637363,364.5531135531136,2.643471502596041,2.6441178273578307,0.03284530241925981
62300,2.990929920582723,3.009070079417277,59.818598411654456,60.181401588345544,3.1640625,3.3734611877723886,0.0,0.0,358.17490842490844,364.3708791208792,2.6433618556224965,2.644759707343891,0.03459306385274557
62333,2.9927467422218434,3.0072532577781566,59.85493484443687,60.14506515556313,3.1640625,3.3734611877723886,0.0,0.0,357.44597069597074,364.5531135531136,2.643381883960399,2.64403168577724,0.03633643278241005
62366,2.9946508153889972,3.0053491846110028,59.893016307779945,60.106983692220055,3.1640625,3.3734611877723886,0.0,0.0,357.44597069597074,364.3708791208792,2.643381883960399,2.6440435318230553,0.038081463343079415
62400,2.996642031942847,3.003357968057153,59.932840638856945,60.067159361143055,3.1640625,3.3734611877723886,0.0,0.0,357.99267399267404,365.4642857142857,2.643610690980629,2.6440435318230553,0.039824331077000154
62433,2.9987206140318454,3.0012793859681546,59.974412280636905,60.025587719363095,3.1640625,3.3734611877723886,0.0,0.0,357.6282051282052,364.3708791208792,2.6433605399002373,2.6447727287500897,0.0415716417799588
62466,3.000886538096022,2.999113461903978,60.01773076192043,59.98226923807957,3.1640625,3.3734611877723886,0.0,0.0,356.8992673992675,365.0998168498169,2.6433653642199895,2.6439951244094746,0.043318481283527985
62500,3.0031394212577243,2.9968605787422757,60.06278842515449,59.93721157484551,3.1640625,3.3734611877723886,0.0,0.0,357.99267399267404,363.64194139194143,2.6433653642199895,2.6439951244094746,0.04505766323405703
62533,3.0054796775609804,2.9945203224390196,60.10959355121961,59.89040644878039,3.1640625,3.3734611877723886,0.0,0.0,357.6282051282052,363.64194139194143,2.6439620735856515,2.6439951244094746,0.046805126065124714
62566,3.0079071127806483,2.9920928872193517,60.158142255612965,59.841857744387035,3.1640625,3.3734611877723886,0.0,0.0,357.0815018315019,364.0064102564103,2.6433618556224965,2.6446653415997243,0.048548704393357414
62600,3.0104218624448005,2.9895781375551995,60.20843724889601,59.79156275110399,3.1640625,3.3734611877723886,0.0,0.0,358.9038461538462,362.91300366300374,2.643418432608955,2.6440199860570455,0.05029499328304381
62633,3.0130238940757015,2.9869761059242985,60.26047788151403,59.73952211848597,3.1640625,3.3734611877723886,0.0,0.0,357.81043956043965,362.36630036630044,2.643418432608955,2.643476181018663,0.05204063261801395
62666,3.0157131799018457,2.9842868200981543,60.314263598036916,59.685736401963084,3.1640625,3.3734611877723886,0.0,0.0,358.7216117216118,360.17948717948724,2.644514220626713,2.643476181018663,0.0537857165228872
62700,3.014479613595671,2.985520386404329,60.28959227191342,59.71040772808658,3.33984375,3.3734611877723886,5.237193918439582,0.0,360.72619047619054,359.4505494505495,2.6456439182708316,2.637362741845913,-0.024671326123498222
62733,3.0105726669510413,2.9894273330489587,60.21145333902083,59.78854666097917,3.603515625,3.3907564064264184,7.961749180843968,1.2495948619864496,361.6373626373627,359.4505494505495,2.6457714205317573,2.636367350715671,-0.07813893289258905
62766,3.011839496428131,2.988160503571869,60.23678992856262,59.76321007143738,3.603515625,3.4575458798063785,0.0,2.7552732214070876,362.184065934066,358.7216117216118,2.6457714205317573,2.6366412673897095,0.025336589541793898
62800,3.0147238141600035,2.9852761858399965,60.29447628320007,59.70552371679993,3.603515625,3.5744910343355656,0.0,4.260263614078497,361.2728937728938,359.63278388278394,2.6483228161634735,2.6365238901058565,0.05768635463744446
62833,3.0176460665301597,2.9823539334698403,60.352921330603195,59.647078669396805,3.69140625,3.7409966398343966,2.6447340660742817,5.760442167797187,364.0064102564103,359.63278388278394,2.647953854568129,2.6365238901058565,0.05844504740312857
62866,3.024391344064556,2.975608655935444,60.48782688129112,59.51217311870888,3.69140625,3.9588713280695127,0.0,7.270032005613332,362.7307692307692,360.5439560439561,2.6484988953377218,2.636515735151538,0.13490555068792287
62900,3.032088873232402,2.967911126767598,60.64177746464804,59.35822253535196,3.779296875,4.225362929962798,2.6450568154077985,8.770027507827967,364.3708791208792,358.9038461538462,2.6484988953377218,2.6364991341114408,0.15395058335691755
62933,3.0425539571971005,2.9574460428028995,60.851079143942016,59.148920856057984,3.8671875,4.543324361284306,2.6325056090730707,10.27717465788129,363.8241758241759,358.35714285714295,2.6497128678772532,2.6364826788492404,0.2093016792939808
62966,3.0542683760849503,2.9457316239150497,61.085367521699,58.914632478301,4.04296875,4.911934848502556,5.260593550402283,11.785587458908452,365.4642857142857,358.17490842490844,2.6487332060968054,2.6364826788492404,0.23428837775698205
63000,3.068994271767844,2.931005728232156,61.37988543535688,58.62011456464312,4.21875,5.3290506543029466,5.283170896703129,13.287554139066295,365.6465201465202,354.71245421245413,2.64886327811705,2.6370441378788505,0.294517913657882
63033,3.085238467384347,2.914761532615653,61.70476934768695,58.29523065231305,4.482421875,5.797006137085655,7.910829620581712,14.792164976300626,367.83333333333337,353.25457875457874,2.64886327811705,2.636124487426162,0.3248839123300645
63066,3.102778008603632,2.897221991396368,62.05556017207263,57.94443982792737,4.833984375,6.314880792772035,10.552245987614008,16.296138000004174,369.8379120879121,351.4322344322344,2.650205177365906,2.635969439390223,0.35079082438568693
63100,3.121422962278437,2.878577037721563,62.42845924556874,57.57154075443126,5.2734375,6.8846491724207395,13.150689671783525,17.804641897988624,371.478021978022,348.51648351648345,2.6487082779423545,2.635969439390223,0.37289907349610757
63133,3.142835821159525,2.857164178840475,62.856716423190505,57.143283576809495,5.712890625,7.500423562268523,13.241053833315434,19.302850943945064,373.66483516483515,346.8763736263736,2.6488679708605423,2.6369268793498555,0.4282571776217691
63166,3.165604540923996,2.834395459076004,63.312090818479916,56.687909181520084,6.240234375,8.170359345549874,15.78780005086031,20.810688633844485,377.49175824175825,343.77838827838826,2.6488679708605423,2.6359413429473304,0.45537439528940804
63200,3.191452944525966,2.808547055474034,63.82905889051932,56.17094110948068,6.767578125,8.890280883443955,15.795830857349832,22.317759719390228,379.6785714285715,340.315934065934,2.649356524348098,2.6352450440957362,0.516968072039402
63233,3.222829838055125,2.777170161944876,64.45659676110249,55.54340323889752,7.20703125,9.65801769781703,13.204671708417472,23.820096700507563,383.50549450549454,338.3113553113553,2.647207958042446,2.6352450440957362,0.6275378705831637
63266,3.2522188008951844,2.7477811991048156,65.04437601790369,54.95562398209631,7.91015625,10.460789940894372,21.0991089607211,24.11897571538745,385.69230769230774,334.11996336996333,2.6471464246647107,2.6345456755063403,0.5877792568011995
63300,3.285536193175726,2.714463806824274,65.71072386351452,54.28927613648548,8.525390625,11.267185921472556,18.401409862257957,24.11897571538745,389.5192307692308,331.2042124542124,2.645537649031792,2.633292978854273,0.6663478456108269
63333,3.3214132972572,2.6785867027428,66.42826594514399,53.57173405485601,9.140625,12.068811699419076,18.510910399997837,24.11897571538745,394.9862637362637,326.28388278388275,2.645537649031792,2.6316063410029424,0.7175420816294726
63366,3.358068690049362,2.641931309950638,67.16137380098723,52.838626199012765,9.84375,12.875050882560092,21.034272650719856,24.11897571538745,398.63095238095235,322.0924908424908,2.644048211764328,2.6316063410029424,0.7331078558432419
63400,3.394680099690904,2.605319900309096,67.89360199381808,52.10639800618192,10.634765625,13.676487736538691,23.80535229339039,24.11897571538745,402.6401098901099,318.26556776556777,2.642290159946282,2.627664784744315,0.732228192830847
63433,3.434692909761686,2.565307090238314,68.69385819523373,51.30614180476627,11.337890625,14.479566899773127,21.11703998343087,24.11897571538745,408.10714285714283,312.9807692307692,2.6404162236515467,2.6245186930980093,0.8002562014156471
63466,3.4748962985917546,2.525103701408246,69.49792597183509,50.50207402816491,12.12890625,15.287068783732057,23.62655373177734,24.11897571538745,411.5695970695971,308.6071428571429,2.6404162236515467,2.6190755971732584,0.8040677766013563
63500,3.516402716529568,2.4835972834704325,70.32805433059136,49.67194566940865,12.919921875,16.088431037663153,23.807568370330845,24.11897571538745,415.760989010989,304.4157509157509,2.63738605304472,2.6190755971732584,0.8301283587562623
63533,3.55939062255889,2.4406093774411106,71.18781245117779,48.812187548822216,13.7109375,16.89322800256069,23.705962475015113,24.11897571538745,422.8681318681318,299.1309523809524,2.6331463198461416,2.6145568986755583,0.8597581205864292
63566,3.601763270187378,2.3982367298126217,72.03526540374756,47.964734596252434,14.58984375,17.696526045499258,26.389107612295465,24.11897571538745,426.5128205128205,293.48168498168496,2.6293508247720117,2.6090895540687526,0.8474529525697755
63600,3.644844498228837,2.355155501771163,72.89688996457673,47.10311003542326,15.46875,18.500354681778017,26.371688620086413,24.11897571538745,431.79761904761904,288.37912087912093,2.6293508247720117,2.601126827866517,0.8616245608291763
63633,3.6905946191825962,2.3094053808174038,73.81189238365192,46.18810761634807,16.259765625,19.303603136100474,23.75166307162074,24.11897571538745,437.6291208791209,282.9120879120878,2.622958531049678,2.601126827866517,0.9150024190752002
63666,3.7357313860446855,2.2642686139553145,74.71462772089372,45.285372279106284,17.138671875,20.108320604905057,26.342560366363887,24.11897571538745,441.4560439560439,277.080586080586,2.617512074416781,2.5946228613166,0.902735337241789
63700,3.779519385286591,2.220480614713409,75.59038770573183,44.40961229426818,18.10546875,20.91351464050137,28.959666017109008,24.11897571538745,447.2875457875457,271.97802197802196,2.608780789416343,2.5854828637045633,0.8757599848381072
63733,3.825135065250535,2.1748649347494644,76.5027013050107,43.49729869498929,18.984375,21.71572240925341,26.42497283818329,24.11897571538745,454.57692307692304,267.9688644688644,2.608780789416343,2.576846911516855,0.9123135992788802
63766,3.8713129168303255,2.1286870831696745,77.42625833660651,42.573741663393484,19.86328125,22.51924063437283,26.381876399507398,24.11897571538745,458.95054945054943,260.4972527472527,2.6000149671586117,2.576846911516855,0.9235570315958136
63800,3.915322235155578,2.0846777648444217,78.30644470311157,41.693555296888434,20.830078125,23.30914408188648,28.971670631581162,22.956917922047282,464.41758241758237,256.6703296703296,2.5895482791540987,2.5660799971777353,0.880186366505059
63833,3.9578078251886892,2.0421921748113108,79.15615650377379,40.843843496226214,21.796875,24.049509737699243,28.995227109501112,21.451728587832633,470.0668498168497,250.47435897435892,2.5761629237097328,2.555335681172677,0.8497118006622162
63866,4.000316855269283,1.999683144730717,80.00633710538565,39.99366289461434,22.67578125,24.740164984453134,26.340382209661186,19.94545836949137,475.3516483516484,244.46062271062272,2.5761629237097328,2.542248572073818,0.8501806016118743
63900,4.038986638398245,1.9610133616017549,80.7797327679649,39.2202672320351,23.642578125,25.37909919767873,29.04337649010703,18.442764404028416,480.27197802197804,239.54029304029305,2.5587858283741327,2.5291726710277493,0.7733956625792472
63933,4.07867947934943,1.92132052065057,81.5735895869886,38.426410413011396,24.43359375,25.96840788359404,23.746077996102184,16.939014608302735,486.8324175824176,235.89560439560435,2.537166628599739,2.5291726710277493,0.7938568190236991
63966,4.116310124646204,1.8836898753537958,82.32620249292408,37.67379750707592,25.224609375,26.50906380655033,23.67978382877975,15.431054899121348,489.3836996336996,229.69963369963367,2.5247396039805605,2.5140305464563255,0.7526129059354838
64000,4.151323021162763,1.8486769788372368,83.02646042325526,36.973539576744734,26.015625,26.99876408143085,23.709488224202893,13.924984434914807,494.4862637362637,225.14377289377288,2.5247396039805605,2.496252518501005,0.7002579303311833
64033,4.185185290892043,1.8148147091079574,83.70370581784086,36.296294182159144,26.71875,27.437063808190718,21.133941897213223,12.423107181533299,498.67765567765576,222.22802197802199,2.5067742121748604,2.479599438509617,0.6772453945855924
64066,4.2181219295762284,1.7818780704237707,84.36243859152458,35.63756140847541,27.333984375,27.82545379805573,18.489266546542883,10.920991712886433,503.7802197802198,217.30769230769226,2.485034132803207,2.479599438509617,0.6587327736837317
64100,4.248360678580449,1.7516393214195511,84.96721357160898,35.03278642839102,27.94921875,28.164999573497184,18.422297298412765,9.41341571225974,506.14926739926744,213.84523809523807,2.4726796238553206,2.4626609532154515,0.6047749800844046
64133,4.275353546420698,1.7246464535793025,85.50707092841395,34.49292907158605,28.564453125,28.45417801069813,18.42369688665466,7.9059542372712635,510.34065934065944,209.28937728937728,2.4726796238553206,2.443512605506961,0.5398573568049739
64166,4.296498826502789,1.7035011734972116,85.92997653005577,34.07002346994423,29.267578125,28.69195725367902,21.160525211920184,6.405963745927941,514.3498168498169,207.6492673992674,2.4593007268269913,2.4270135595769275,0.42290560164182067
64200,4.3166591032404416,1.683340896759559,86.33318206480882,33.666817935191176,29.794921875,28.880815841188408,15.78113362589231,4.897489100087206,515.9899267399268,204.1868131868132,2.4421298299172625,2.4270135595769275,0.403205534753053
64233,4.334582563381644,1.665417436618356,86.69165126763288,33.30834873236712,30.234375,29.018675165941993,13.219964781933344,3.396890047192593,521.4569597069598,202.18223443223445,2.433129728459147,2.4118955128343837,0.358469202824056
64266,4.350506033059134,1.649493966940866,87.01012066118268,32.98987933881732,30.5859375,29.106936563392736,10.528381371374342,1.8895079772378256,521.2747252747253,199.99542124542128,2.433129728459147,2.3963802514317947,0.31846939354980575
64300,4.362575979004497,1.637424020995503,87.25151958008993,32.74848041991006,30.9375,29.14486586753806,10.526536573680481,0.3818617354021221,523.4615384615385,198.17307692307696,2.4250415343238356,2.3821446639443797,0.24139891890725765
64333,4.370490744864405,1.6295092551355947,87.4098148972881,32.59018510271189,31.2890625,29.137567035129795,10.563813546989897,-0.718263434877161,523.6437728937728,197.26190476190473,2.4142171819464653,2.3821446639443797,0.1582953171981737
64366,4.375953952592446,1.6240460474075542,87.51907905184892,32.48092094815108,31.552734375,29.09741929615257,7.892023063875596,-1.6850788402192116,525.6483516483516,195.9862637362637,2.4097816668275414,2.3757569132952323,0.10926415456081645
64400,4.3792564973716015,1.6207435026283992,87.58512994743202,32.414870052567984,31.728515625,29.025450386009492,5.290039920073146,-2.646650598057565,524.554945054945,194.52838827838826,2.4049763182076487,2.3712926395297047,0.06605089558309453
64433,4.380753097329518,1.6192469026704814,87.61506194659037,32.38493805340963,31.81640625,28.920922087567618,2.631692532978128,-3.6130919511481987,524.7371794871794,194.52838827838826,2.4049763182076487,2.3678133111526227,0.029931999158355302
64466,4.3808021906648325,1.6191978093351673,87.61604381329666,32.383956186703344,31.81640625,28.78472552661984,0.0,-4.575689907333273,528.746336996337,196.71520146520143,2.4039367158387583,2.3678133111526227,0.0009818667062782699
64500,4.37777119214262,1.6222288078573797,87.5554238428524,32.444576157147594,31.81640625,28.61613462268959,0.0,-5.540243318107833,526.5595238095237,196.35073260073258,2.403943562300412,2.368994644193515,-0.06061997044425008
64533,4.371334478782666,1.628665521217334,87.42668957565331,32.57331042434668,31.81640625,28.4153420199381,0.0,-6.505025570423102,525.6483516483516,195.80402930402926,2.40182585130346,2.3666104454906,-0.12873426719908737
64566,4.361149937730728,1.6388500622692717,87.22299875461457,32.777001245385435,31.81640625,28.182146235460102,0.0,-7.470728484270472,524.3727106227107,195.80402930402926,2.40182585130346,2.366989083893693,-0.20369082103875052
64600,4.346863175886269,1.6531368241137308,86.93726351772538,33.062736482274616,31.81640625,27.916595567172124,0.0,-8.436870271479163,525.2838827838827,195.9862637362637,2.400332442724825,2.366989083893693,-0.28573523688917996
64635,4.3278963695365915,1.6721036304634083,86.55792739073183,33.442072609268166,31.81640625,27.60471704722897,0.0,-9.446218506239324,521.4569597069598,195.9862637362637,2.399701706452028,2.3687117529840016,-0.3793361269935498
64666,4.304304292536913,1.6956957074630872,86.08608585073826,33.91391414926174,31.81640625,27.289483556800505,0.0,-10.367038161644768,524.554945054945,196.35073260073258,2.3981718733939856,2.3694548692363795,-0.47184153999357814
64700,4.275492143663563,1.724507856336437,85.50984287327125,34.49015712672874,31.81640625,26.928625010461396,0.0,-11.329629722645022,525.6483516483516,197.44413919413915,2.3981718733939856,2.3714933793844626,-0.5762429774669985
64733,4.241047781383124,1.7589522186168756,84.82095562766249,35.179044372337515,31.81640625,26.535149752763033,0.0,-12.293626887724878,521.8214285714286,196.71520146520143,2.399459570795343,2.3714933793844626,-0.6888872456087631
64766,4.202563692935701,1.7974363070642978,84.05127385871404,35.94872614128595,31.728515625,26.10930646430171,-2.6368436045936603,-13.258180298499438,521.6391941391942,203.0934065934066,2.3980063893127186,2.374876869339761,-0.7696817689484383
64800,4.182497323736277,1.8175026762637236,83.64994647472552,36.350053525274475,30.5859375,25.651323968917072,-34.27976595839922,-14.222711224483412,513.6208791208792,210.92948717948718,2.406581116939142,2.433375816598513,-0.4013273839885111
64833,4.177323403030815,1.822676596969185,83.5464680606163,36.453531939383694,28.916015625,25.163128698592164,-50.23471916746539,-14.99979371389166,507.60714285714295,217.6721611721611,2.406581116939142,2.446427587801279,-0.10347841410922154
64866,4.155551646109108,1.8444483538908911,83.11103292218218,36.888967077817824,28.30078125,24.661171491835418,-18.384811666161177,-14.99979371389166,504.5091575091576,221.49908424908426,2.4505614399833777,2.446427587801279,-0.4354351384341258
64900,4.119097162680127,1.880902837319873,82.38194325360254,37.618056746397464,28.30078125,24.15981151682465,0.0,-14.99979371389166,498.49542124542137,223.503663003663,2.4574002139264284,2.458146782503396,-0.729089668579638
64933,4.083035587805877,1.9169644121941232,81.66071175611754,38.339288243882464,28.037109375,23.661567583986916,-7.937926530543559,-14.99979371389166,495.7619047619049,226.23717948717947,2.4561517565028037,2.486663583695335,-0.7212314974850096
64966,4.043247769895586,1.9567522301044136,80.86495539791173,39.13504460208827,27.7734375,23.160641477984303,-7.895423468176042,-14.99979371389166,492.4816849816849,229.88186813186812,2.4561517565028037,2.491452803527386,-0.795756358205806
65000,4.007747931832395,1.9922520681676048,80.1549586366479,39.845041363352095,27.158203125,22.661207296504333,-18.477687456930937,-14.99979371389166,485.92124542124543,235.34890109890105,2.467551441065122,2.5071941400679103,-0.7099967612638284
65033,3.965256660686365,2.034743339313635,79.3051332137273,40.6948667862727,26.806640625,22.162233923677263,-10.56842962914506,-14.99979371389166,482.8232600732601,239.1758241758242,2.4858991874595513,2.5071941400679103,-0.8498254229206073
65066,3.9236307630093528,2.0763692369906472,78.47261526018706,41.527384739812945,26.279296875,21.660718385848064,-15.77228793458433,-14.99979371389166,476.80952380952385,243.36721611721612,2.4982935222392224,2.5187402562069034,-0.8325179535402502
65100,3.8844288716098396,2.1155711283901604,77.6885774321968,42.311422567803206,25.576171875,21.16315139370389,-21.196602912968267,-14.99979371389166,470.4313186813186,249.0164835164835,2.4982935222392224,2.5346890214707605,-0.7840378279902599
65133,3.8449063849103764,2.1550936150896236,76.89812769820753,43.10187230179247,24.873046875,20.6619714012176,-21.04379686579074,-14.99979371389166,465.8754578754578,253.75457875457874,2.5115982520104283,2.5466997898712664,-0.7904497339892664
65166,3.8072474097468967,2.1927525902531033,76.14494819493794,43.85505180506207,24.08203125,20.161142793907135,-23.690881523686603,-14.99979371389166,462.0485347985348,259.4038461538461,2.529548698711292,2.5466997898712664,-0.7531795032695988
65200,3.766240609914129,2.233759390085871,75.32481219828257,44.67518780171743,23.466796875,19.660827239544737,-18.44513653479281,-14.99979371389166,458.95054945054943,264.6886446886447,2.5475675071959363,2.5607300520011806,-0.8201359966553643
65233,3.728673266440461,2.2713267335595386,74.57346532880922,45.42653467119077,22.67578125,19.163102749567813,-23.83863249328011,-14.99979371389166,453.4835164835165,269.06227106227107,2.5475675071959363,2.5686439741493547,-0.7513468694733452
65266,3.6918639204453654,2.3081360795546346,73.83727840890731,46.16272159109269,21.884765625,18.662286367062265,-23.69145981228681,-14.99979371389166,448.38095238095235,273.4358974358974,2.561274876330848,2.578059964203551,-0.7361869199019069
65300,3.6580829283649736,2.3419170716350264,73.16165856729947,46.838341432700524,21.005859375,18.163204950751837,-26.415354314956137,-14.99979371389166,444.00732600732596,277.9917582417582,2.5737003211563034,2.578059964203551,-0.6756198416078331
65333,3.6220287538081766,2.377971246191824,72.44057507616353,47.55942492383648,20.302734375,17.66205440284252,-21.045033272094894,-14.99979371389166,439.08699633699626,281.8186813186813,2.5850757742822337,2.583456428905121,-0.7210834911359475
65366,3.5848780453484563,2.4151219546515432,71.69756090696913,48.30243909303086,19.6875,17.169505811025168,-18.487208659603606,-14.380420349634973,435.0778388278388,286.01007326007334,2.5850757742822337,2.5899103465322177,-0.7430141691943913
65400,3.5503449314314905,2.4496550685685095,71.00689862862981,48.99310137137019,18.984375,16.70569210003274,-21.06816629459989,-13.414649923514192,430.15750915750914,290.930402930403,2.590059079839723,2.5968497734749176,-0.6906622783393148
65433,3.519536697337401,2.480463302662598,70.39073394674803,49.609266053251964,18.193359375,16.274918830431634,-23.74792585069073,-12.45075991575828,425.054945054945,294.757326007326,2.6008363114812987,2.5968497734749176,-0.6161646818817789
65466,3.4874816906110038,2.512518309388996,69.74963381222008,50.25036618777992,17.578125,15.876076334457272,-18.462151358709484,-11.486428343477542,421.95695970695965,299.1309523809524,2.606801067886956,2.601880742253467,-0.6411001345279478
65499,3.4551597895744397,2.5448402104255607,69.10319579148879,50.89680420851121,17.05078125,15.509594383876147,-15.834865215671138,-10.522715754384146,418.312271062271,303.14010989010984,2.6115403989360653,2.606628987351986,-0.646438020731297
65533,3.426203226839919,2.573796773160081,68.52406453679838,51.475935463201616,16.435546875,15.174726436687411,-18.44618065417393,-9.55754926375885,415.2142857142857,306.0558608058608,2.6115403989360653,2.613142542439471,-0.5791312546904038
65566,3.3996795692932507,2.600320430706749,67.99359138586502,52.006408614134976,15.8203125,14.872086870146088,-18.448577926419784,-8.59250819021718,411.3873626373626,310.2472527472528,2.616891607738185,2.613142542439471,-0.5304731509333533
65600,3.373926203995137,2.626073796004863,67.47852407990274,52.52147592009726,15.29296875,14.600766522647668,-15.759552490461607,-7.624190151733815,407.742673992674,313.709706959707,2.6210609485140113,2.616509614874989,-0.5150673059622733
65633,3.348674129965178,2.651325870034822,66.97348259930357,53.026517400696434,14.853515625,14.36273238747165,-13.185309422497957,-6.659716580810192,404.2802197802198,316.80769230769226,2.6244105124387085,2.619518434156336,-0.5050414805991773
65666,3.329616676859832,2.670383323140168,66.59233353719664,53.40766646280336,14.23828125,14.157563759590253,-18.529752189921126,-5.6989031136385595,402.09340659340666,318.99450549450546,2.6244105124387085,2.6238843118355737,-0.3811490621069268
65700,3.312415447222799,2.687584552777201,66.24830894445599,53.751691055544015,13.7109375,13.983012635328887,-15.753964049342718,-4.730241581395436,401.7289377289377,322.0924908424908,2.6279718360186375,2.6238843118355737,-0.3440245927406517
65733,3.294893880709882,2.705106119290118,65.89787761419764,54.10212238580236,13.359375,13.84198170847963,-10.594717247060373,-3.769998308005356,396.9908424908425,324.4615384615384,2.6310138093149025,2.62740023346486,-0.35043133025834716
65766,3.2799470960532333,2.720052903946767,65.59894192106466,54.40105807893534,13.0078125,13.73238640912998,-10.546272702414521,-2.8053441351969455,394.07509157509156,326.83058608058604,2.632622430105382,2.628040962579917,-0.29893569313298074
65800,3.2679408240997105,2.7320591759002895,65.35881648199421,54.64118351800579,12.65625,13.654772262233251,-10.51611672558421,-1.8379237237052295,394.9862637362637,327.1950549450549,2.632622430105382,2.630758767245378,-0.24012543907045253
65833,3.2592723486974986,2.7407276513025014,65.18544697394996,54.814553026050035,12.3046875,13.609575673003995,-10.543572541902066,-0.8730225073928042,392.6172161172161,329.0173992673992,2.6331546045180954,2.630758767245378,-0.17336950804424267
65866,3.2502380432420157,2.7497619567579843,65.00476086484032,54.995239135159686,12.12890625,13.596404535427173,-5.279624058074706,-0.0013680666468497697,390.0659340659341,330.83974358974353,2.633708167314229,2.632232048652775,-0.18068610910964833
65900,3.2431928114777806,2.756807188522219,64.86385622955561,55.136143770444384,11.953125,13.596115406442623,-5.269916089373735,-0.01596808823408657,390.2481684981685,332.29761904761904,2.633207220364933,2.6332024238273783,-0.1409046352847052
65933,3.2382110557380654,2.761788944261935,64.76422111476131,55.235778885238695,11.77734375,13.595339410537612,-5.270565674135894,-0.030566310403170437,388.9725274725275,332.11538461538464,2.633207220364933,2.6339307755065193,-0.09963511479430291
65966,3.2333503394264493,2.76664966057355,64.667006788529,55.332993211471,11.689453125,13.59408270959561,-2.6461244787223506,-0.0451047210649646,389.3369963369964,332.29761904761904,2.6341269441954407,2.6339307755065193,-0.09721432623231197
66000,3.2299524512577085,2.7700475487422915,64.59904902515417,55.40095097484583,11.6015625,13.592333150017042,-2.6328853216193937,-0.059716236431015465,387.87912087912093,333.5732600732601,2.6333736537997217,2.6345456755063403,-0.06795776337482343
66033,3.22805690715563,2.7719430928443693,64.5611381431126,55.43886185688739,11.513671875,13.590100043356085,-2.6373637702904382,-0.07430294030829479,387.1501831501832,333.5732600732601,2.634219292120551,2.6342076574689166,-0.03791088204156779
66066,3.227693433100827,2.772306566899173,64.55386866201654,55.44613133798346,11.42578125,13.587381699512054,-2.6381362467546756,-0.0888853730318572,387.6968864468864,333.93772893772893,2.634219292120551,2.634488074030666,-0.007269481096059967
66100,3.2268794637986726,2.7731205362013274,64.53758927597345,55.462410724026554,11.42578125,13.584173360471723,0.0,-0.10348546727748317,388.0613553113553,334.11996336996333,2.635228600572906,2.634829492177848,-0.016279386043092224
66133,3.2289414477793685,2.771058552220632,64.57882895558737,55.42117104441264,11.337890625,13.58047120914532,-2.6303943873747535,-0.11811081947506244,386.96794871794873,333.39102564102564,2.634415493042968,2.634829492177848,0.04123967961391738
66166,3.230579188845661,2.7694208111543395,64.61158377691322,55.388416223086786,11.337890625,13.576306239350913,0.0,-0.1326508509687814,387.87912087912093,333.93772893772893,2.634224236870837,2.6350817798331136,0.032754821325845764
66200,3.233108629398675,2.766891370601325,64.6621725879735,55.337827412026506,11.337890625,13.571623327981571,0.0,-0.1472947567389826,387.51465201465203,334.6666666666667,2.634224236870837,2.6348376393098847,0.05058881106027444
66233,3.2365193681521087,2.7634806318478913,64.73038736304218,55.269612636957824,11.337890625,13.566478524857414,0.0,-0.16186287421527754,387.51465201465203,333.2087912087912,2.635444706935534,2.634776682220449,0.0682147750686782
66266,3.240805579654674,2.759194420345326,64.81611159309348,55.18388840690652,11.337890625,13.560847822529027,0.0,-0.17643355359844423,387.87912087912093,334.11996336996333,2.6345737496375428,2.634776682220449,0.08572423005129935
66300,3.2459614748381456,2.7540385251618544,64.91922949676291,55.08077050323709,11.337890625,13.554729189914587,0.0,-0.19101086294616573,387.87912087912093,333.2087912087912,2.6349282787024415,2.6353226072121716,0.10311790366942498
66333,3.251980947921421,2.7480190520785794,65.03961895842842,54.96038104157159,11.337890625,13.548122809391037,0.0,-0.20559300371768663,387.87912087912093,331.38644688644683,2.6349282787024415,2.6346182618741425,0.12038946166550447
66366,3.2588605663645933,2.7411394336354067,65.17721132729187,54.822788672708135,11.337890625,13.541003384767105,0.0,-0.2202292981804568,387.6968864468864,332.11538461538464,2.636091584070391,2.634407202419622,0.13759236886344597
66400,3.2665914213111638,2.7334085786888367,65.33182842622327,54.66817157377674,11.337890625,13.533413597716997,0.0,-0.2348300818185098,388.7902930402931,333.0265567765568,2.635436411453244,2.634407202419622,0.15461709893139106
66433,3.2751665103227627,2.7248334896772373,65.50333020645526,54.49666979354474,11.337890625,13.525336587157543,0.0,-0.24943118148050755,388.6080586080586,332.8443223443224,2.635888499559291,2.6351709766987828,0.17150178023199036
66466,3.284576118513992,2.715423881486008,65.69152237027984,54.30847762972016,11.337890625,13.516798893598189,0.0,-0.2639885427158142,388.0613553113553,332.11538461538464,2.635888499559291,2.6342851747894516,0.18819216382457737
66500,3.294824475517368,2.705175524482632,65.89648951034737,54.103510489652635,11.337890625,13.507976211317214,0.0,-0.2644148135191776,389.5192307692308,332.6620879120879,2.636910274426408,2.6342126021864423,0.2049671400675264
66533,3.3059085596600966,2.6940914403399034,66.11817119320193,53.88182880679807,11.337890625,13.499148581835021,0.0,-0.2644148135191776,388.6080586080586,333.0265567765568,2.636274744207785,2.6342126021864423,0.2216816828545634
66566,3.317820632473243,2.682179367526757,66.35641264946486,53.64358735053514,11.337890625,13.490364159583164,0.0,-0.2644148135191776,389.7014652014652,331.9331501831502,2.6363523527897095,2.6349563589495006,0.23824145626292428
66603,3.330652232956278,2.669347767043722,66.61304465912556,53.38695534087444,11.337890625,13.48056036190605,0.0,-0.2644148135191776,394.4395604395604,328.8351648351648,2.6380186329710207,2.6333621701127177,0.25663200966070676
66633,3.3333159223763316,2.6666840776236684,66.66631844752663,53.333681552473365,11.77734375,13.472750707509604,14.87875265647623,-0.2644148135191776,394.9862637362637,325.19047619047615,2.6380186329710207,2.625857186425845,0.053273788401071887
66666,3.3279848339352553,2.6720151660647447,66.55969667870511,53.44030332129489,12.48046875,13.463902355838059,21.011446273496993,-0.2644148135191776,399.3598901098901,321.9102564102564,2.6346381909208216,2.625857186425845,-0.10662176882152767
66700,3.3315034396840644,2.6684965603159356,66.63006879368129,53.36993120631871,12.568359375,13.454988786781582,2.6072141329932,-0.2644148135191776,400.6355311355311,320.63461538461536,2.6317167096161427,2.627117761149822,0.07037211497618359
66733,3.336622271081371,2.663377728918629,66.73244542162742,53.26755457837258,12.568359375,13.44626530209726,0.0,-0.2644148135191776,401.3644688644688,319.54120879120876,2.6335286182384907,2.6264528997670396,0.1023766279461316
66766,3.340019261639875,2.659980738360125,66.8003852327975,53.1996147672025,12.65625,13.437472144374563,2.6429166804870166,-0.2644148135191776,402.82234432234435,318.81227106227107,2.6335286182384907,2.6255094067259432,0.06793981117008287
66800,3.342979137540306,2.657020862459694,66.85958275080613,53.140417249193874,12.744140625,13.428659155804448,2.63696963119414,-0.2644148135191776,400.81776556776555,318.99450549450546,2.634398911835413,2.6255094067259432,0.05919751800863182
66833,3.347473357792951,2.652526642207049,66.94946715585903,53.050532844140974,12.744140625,13.419827863648035,0.0,-0.2644148135191776,401.5467032967033,319.35897435897436,2.6348706646785764,2.6264085943015205,0.08988440505289899
66866,3.352179293039796,2.647820706960204,67.04358586079591,52.956414139204085,12.744140625,13.411015952039726,0.0,-0.2644148135191776,403.36904761904765,318.26556776556777,2.634898744004655,2.625660348812243,0.09411870493689087
66900,3.3550781651775226,2.6449218348224774,67.10156330355045,52.89843669644955,12.83203125,13.402208001894346,2.638478060828691,-0.2644148135191776,401.5467032967033,318.6300366300366,2.634898744004655,2.6253764206022288,0.05797744275453662
66933,3.3574458014394875,2.6425541985605125,67.14891602878974,52.85108397121026,12.919921875,13.393419177665054,2.644219819757338,-0.2644148135191776,401.91117216117215,318.81227106227107,2.6348376393098847,2.6253764206022288,0.047352725239293014
66966,3.359251337976482,2.640748662023518,67.18502675952963,52.814973240470366,13.0078125,13.384590049744206,2.632149338847872,-0.2644148135191776,402.09340659340666,316.62545787545787,2.6334463371053007,2.625492909530508,0.03611073073989579
67000,3.3624599821530183,2.637540017846982,67.24919964306036,52.75080035693964,13.0078125,13.37579537401517,0.0,-0.2644148135191776,402.6401098901099,316.80769230769226,2.632805228791391,2.623790916562759,0.06417288353072338
67033,3.3637429315964753,2.6362570684035247,67.2748586319295,52.72514136807049,13.095703125,13.366949617575349,2.6272013453642176,-0.2644148135191776,403.55128205128204,316.260989010989,2.632805228791391,2.6231518855153486,0.0256589888691454
67066,3.3643655075596155,2.6356344924403845,67.28731015119232,52.712689848807685,13.18359375,13.358156136737563,2.642819566922669,-0.2644148135191776,403.55128205128204,315.5320512820513,2.6336306754609224,2.6231518855153486,0.01245151926280734
67100,3.3663200093834345,2.6336799906165655,67.32640018766868,52.67359981233132,13.18359375,13.349522669393851,0.0,-0.25206047867384507,404.8269230769231,316.260989010989,2.632691594936767,2.6230601189591845,0.039090036476367745
67133,3.3662735295627355,2.6337264704372645,67.32547059125471,52.674529408745286,13.271484375,13.34135562442348,2.633989989128066,-0.23745509122260935,402.6401098901099,314.2564102564103,2.632342311353435,2.623286292469993,-0.0009295964139693774
67166,3.3675197457223107,2.6324802542776893,67.35039491444621,52.64960508555379,13.271484375,13.333692182542677,0.0,-0.22288162363884667,404.64468864468864,315.8965201465201,2.632342311353435,2.6224131207896453,0.024924323191502083
67200,3.368742295176802,2.631257704823198,67.37484590353604,52.62515409646396,13.271484375,13.326508524628604,0.0,-0.20829672749509226,404.2802197802198,314.98534798534797,2.6334149375481046,2.6222314033201943,0.024450989089827558
67233,3.369941961360528,2.630058038639472,67.39883922721056,52.60116077278944,13.271484375,13.319791287926295,0.0,-0.19366762238796947,405.5558608058608,316.07875457875457,2.6323950481376714,2.6222314033201943,0.023993323674518393
67266,3.3711199377028493,2.6288800622971507,67.42239875405699,52.577601245943015,13.271484375,13.31359718364908,0.0,-0.17912210334588144,405.9203296703297,316.07875457875457,2.6325449861654144,2.6223411826805907,0.02355952684642944
67300,3.3702693594210245,2.629730640578976,67.40538718842049,52.594612811579516,13.359375,13.30784292465407,2.6239448355062676,-0.16446080261527027,405.191391941392,315.1675824175824,2.6325449861654144,2.621948031101829,-0.017011565636500022
67335,3.3706725478617305,2.6293274521382695,67.41345095723462,52.586549042765384,13.359375,13.302376316812426,0.0,-0.14920387999181361,405.9203296703297,317.17216117216117,2.6337279406424923,2.6219972785308228,0.008063768814125535
67366,3.3710244966182437,2.6289755033817563,67.42048993236487,52.57951006763513,13.359375,13.297868082041052,0.0,-0.13533371882668266,405.9203296703297,314.6208791208791,2.6328662627987365,2.6219972785308228,0.007038975130253689
67400,3.371324157957488,2.628675842042512,67.42648315914975,52.573516840850246,13.359375,13.29358722169533,0.0,-0.1206966461186625,406.46703296703294,315.3498168498168,2.632801886514187,2.622732544408242,0.005993226784881908
67433,3.3715738010413956,2.6284261989586035,67.43147602082792,52.56852397917208,13.359375,13.289808849842398,0.0,-0.10611329771054115,405.0091575091575,316.62545787545787,2.632801886514187,2.622069202488874,0.00499286167816719
67466,3.3717758177715336,2.6282241822284664,67.43551635543068,52.56448364456932,13.359375,13.286524050718603,0.0,-0.09156672510509033,404.46245421245425,315.7142857142857,2.6336472494159446,2.622126541579447,0.004040334602761662
67500,3.371932498636278,2.628067501363722,67.43864997272557,52.56135002727443,13.359375,13.283712802972184,0.0,-0.07696397178121295,404.2802197802198,316.07875457875457,2.6328496962154637,2.622126541579447,0.003133617294892309
67533,3.3720465663712362,2.6279534336287638,67.44093132742472,52.55906867257528,13.359375,13.281390632283477,0.0,-0.062374568557752946,405.3736263736264,315.3498168498168,2.6327277767852486,2.6229060775831923,0.0022813546991521413
67566,3.3721207972432934,2.6278792027567066,67.44241594486587,52.55758405513413,13.359375,13.279550372026945,0.0,-0.047745082644173334,405.0091575091575,315.7142857142857,2.6327277767852486,2.622082345539961,0.0014846174411525597
67600,3.372158450733469,2.6278415492665306,67.44316901466938,52.55683098533061,13.359375,13.278203984574828,0.0,-0.03318046639490201,407.37820512820514,314.98534798534797,2.633573103990701,2.622090578050866,0.000753069803513876
67633,3.372162777106179,2.627837222893821,67.44325554212358,52.55674445787643,13.359375,13.277341722325712,0.0,-0.018603894585006272,405.3736263736264,315.8965201465201,2.632699732154949,2.622090578050866,8.652745419504904e-05
67666,3.3721372499426936,2.6278627500573064,67.44274499885387,52.55725500114613,13.359375,13.276964840511605,0.0,-0.004021989301571505,405.191391941392,314.98534798534797,2.6328135118536333,2.622945381410298,-0.0005105432697157837
67700,3.3700677985440937,2.6299322014559063,67.40135597088188,52.59864402911812,13.447265625,13.276946361991925,2.6309922639062884,0.0,404.64468864468864,315.7142857142857,2.6328135118536333,2.6223083925969766,-0.041389027971984224
67733,3.369242976042253,2.630757023957747,67.38485952084507,52.61514047915493,13.447265625,13.276946361991925,0.0,0.0,406.10256410256414,316.07875457875457,2.633190795911945,2.6224131207896453,-0.016496450036814547
67766,3.3683471307717925,2.6316528692282075,67.36694261543585,52.633057384564154,13.447265625,13.276946361991925,0.0,0.0,405.191391941392,316.07875457875457,2.6326751753078015,2.6224131207896453,-0.017916905409226244
67800,3.367380373242239,2.632619626757761,67.34760746484478,52.65239253515522,13.447265625,13.276946361991925,0.0,0.0,405.191391941392,315.7142857142857,2.632857979487555,2.6232289153343173,-0.019335150591066684
67833,3.366342586831736,2.6336574131682635,67.32685173663472,52.67314826336527,13.447265625,13.276946361991925,0.0,0.0,406.10256410256414,316.260989010989,2.6329354372394453,2.6223967972241375,-0.02075572821005647
67866,3.3652339924422403,2.6347660075577592,67.30467984884481,52.69532015115518,13.447265625,13.276946361991925,0.0,0.0,405.9203296703297,316.260989010989,2.6329354372394453,2.6224541470608065,-0.022171887789904386
67900,3.364054295406521,2.635945704593479,67.28108590813042,52.71891409186958,13.447265625,13.276946361991925,0.0,0.0,405.3736263736264,315.8965201465201,2.632666892898379,2.6224541470608065,-0.023593940714393753
67933,3.3628034741195787,2.6371965258804213,67.25606948239157,52.74393051760843,13.447265625,13.276946361991925,0.0,0.0,406.10256410256414,316.260989010989,2.6328415583020024,2.6230765932303606,-0.02501642573885342
67966,3.3614818795498036,2.638518120450196,67.22963759099608,52.770362409003916,13.447265625,13.276946361991925,0.0,0.0,406.46703296703294,314.4386446886447,2.6327558218636677,2.6223689175045375,-0.026431891395482673
68000,3.3600891760256077,2.6399108239743923,67.20178352051215,52.79821647948785,13.447265625,13.276946361991925,0.0,0.0,406.10256410256414,315.8965201465201,2.6327558218636677,2.6223525943517525,-0.0278540704839292
68033,3.358625563829674,2.641374436170326,67.17251127659348,52.82748872340652,13.447265625,13.276946361991925,0.0,0.0,405.9203296703297,315.3498168498168,2.633007957069612,2.6223525943517525,-0.029272243918667517
68066,3.3570910869618507,2.6429089130381493,67.14182173923702,52.85817826076298,13.447265625,13.276946361991925,0.0,0.0,404.64468864468864,314.6208791208791,2.632752479680544,2.623107663550124,-0.030689537356462553
68100,3.355485551290113,2.644514448709888,67.10971102580226,52.89028897419775,13.447265625,13.276946361991925,0.0,0.0,405.3736263736264,314.8031135531136,2.632719639437045,2.6223934747471715,-0.03211071343476551
68133,3.353809272337278,2.646190727662722,67.07618544674555,52.923814553254445,13.447265625,13.276946361991925,0.0,0.0,405.9203296703297,316.4432234432235,2.632719639437045,2.622457325192414,-0.033525579056703156
68166,3.352061979170111,2.647938020829889,67.04123958340223,52.95876041659777,13.447265625,13.276946361991925,0.0,0.0,404.8269230769231,315.1675824175824,2.633268268351418,2.622457325192414,-0.03494586334332688
68200,3.3502436040952226,2.649756395904778,67.00487208190445,52.995127918095555,13.447265625,13.276946361991925,0.0,0.0,406.83150183150184,315.3498168498168,2.632699732154949,2.6228044986222185,-0.03636750149778322
68233,3.3483542189447633,2.651645781055237,66.96708437889527,53.03291562110474,13.447265625,13.276946361991925,0.0,0.0,407.37820512820514,315.8965201465201,2.6325861051301525,2.6223443606068475,-0.03778770300919108
68266,3.3463938251004426,2.6536061748995574,66.92787650200884,53.07212349799115,13.447265625,13.276946361991925,0.0,0.0,405.9203296703297,315.5320512820513,2.6325861051301525,2.6223411826805907,-0.039207876886416484
68300,3.3443626234751203,2.6556373765248797,66.8872524695024,53.1127475304976,13.447265625,13.276946361991925,0.0,0.0,405.9203296703297,315.3498168498168,2.6335780469216354,2.6223411826805907,-0.040624032506441504
68333,3.342260357919273,2.657739642080727,66.84520715838546,53.154792841614544,13.447265625,13.276946361991925,0.0,0.0,406.28479853479854,316.07875457875457,2.6326833124498585,2.622388563271049,-0.042045311116940806
68366,3.34008725840436,2.65991274159564,66.8017451680872,53.198254831912806,13.447265625,13.276946361991925,0.0,0.0,405.3736263736264,315.1675824175824,2.6326471315179862,2.622195437634267,-0.0434619902982651
68400,3.337843160050685,2.662156839949315,66.7568632010137,53.2431367989863,13.447265625,13.276946361991925,0.0,0.0,405.191391941392,316.260989010989,2.6326471315179862,2.6222836921031303,-0.044881967073497245
68433,3.3355281526697294,2.6644718473302715,66.71056305339458,53.28943694660543,13.447265625,13.276946361991925,0.0,0.0,403.36904761904765,317.3543956043956,2.6333621701127177,2.622473793785089,-0.04630014761912514
68466,3.333142078126437,2.666857921873563,66.66284156252874,53.33715843747126,13.447265625,13.276946361991925,0.0,0.0,402.09340659340666,317.71886446886447,2.628491148994816,2.622473793785089,-0.04772149086583699
68500,3.3387361862137084,2.6612638137862916,66.77472372427417,53.22527627572583,13.095703125,13.276946361991925,-10.535731988553787,0.0,401.5467032967033,318.26556776556777,2.629666439846608,2.6240612849757836,0.11188216174542412
68533,3.3411537985607653,2.6588462014392342,66.8230759712153,53.17692402878469,13.0078125,13.276946361991925,-2.6404170500800914,0.0,402.27564102564105,320.0879120879121,2.629666439846608,2.6239450358954004,0.048352246941140126
68566,3.3423631618675156,2.6576368381324844,66.8472632373503,53.152736762649695,13.0078125,13.276946361991925,0.0,0.0,399.72435897435895,319.7234432234432,2.632265025045251,2.625752107122193,0.024187266135000822
68600,3.3436851175609212,2.6563148824390788,66.87370235121843,53.12629764878158,13.0078125,13.276946361991925,0.0,0.0,401.1822344322344,320.2701465201465,2.631342936611039,2.625752107122193,0.02643911386811631
68633,3.3451188127019473,2.6548811872980527,66.90237625403896,53.097623745961045,13.0078125,13.276946361991925,0.0,0.0,401.7289377289377,320.99908424908426,2.6313923037720977,2.627231179175061,0.028673902820526967
68666,3.3466646894876253,2.653335310512374,66.93329378975251,53.06670621024748,13.0078125,13.276946361991925,0.0,0.0,401.3644688644688,319.54120879120876,2.6313923037720977,2.6266104393909555,0.030917535713561012
68700,3.3483229993596346,2.6516770006403654,66.96645998719269,53.03354001280731,13.0078125,13.276946361991925,0.0,0.0,400.99999999999994,320.0879120879121,2.6322040119430548,2.6265218216084576,0.03316619744017725
68733,3.3500932424287266,2.6499067575712743,67.00186484857453,52.99813515142548,13.0078125,13.276946361991925,0.0,0.0,402.27564102564105,320.4523809523809,2.6314566283633694,2.6265218216084576,0.03540486138183087
68766,3.3519759225740557,2.6480240774259443,67.03951845148111,52.960481548518885,13.0078125,13.276946361991925,0.0,0.0,400.99999999999994,320.2701465201465,2.6315899315257196,2.6274823762719417,0.03765360290658881
68800,3.35397042751271,2.64602957248729,67.0794085502542,52.9205914497458,13.0078125,13.276946361991925,0.0,0.0,401.5467032967033,320.99908424908426,2.6315899315257196,2.626513713015718,0.03989009877308361
68833,3.3560770800842197,2.6439229199157803,67.1215416016844,52.87845839831561,13.0078125,13.276946361991925,0.0,0.0,401.5467032967033,320.0879120879121,2.632159560875804,2.6265875605143756,0.042133051430193164
68866,3.358295715565215,2.641704284434785,67.1659143113043,52.8340856886957,13.0078125,13.276946361991925,0.0,0.0,402.09340659340666,319.54120879120876,2.6315338790708513,2.6265875605143756,0.0443727096199026
68900,3.360626790675852,2.639373209324148,67.21253581351704,52.787464186482964,13.0078125,13.276946361991925,0.0,0.0,401.3644688644688,318.81227106227107,2.631777560544438,2.627413416618837,0.046621502212729746
68933,3.3630697713233406,2.6369302286766594,67.2613954264668,52.738604573533195,13.0078125,13.276946361991925,0.0,0.0,402.6401098901099,320.0879120879121,2.631939065365689,2.626492283344232,0.04885961294976697
68966,3.3656248446532744,2.634375155346725,67.31249689306549,52.68750310693451,13.0078125,13.276946361991925,0.0,0.0,400.99999999999994,319.35897435897436,2.631939065365689,2.6265464372092877,0.051101466598685474
69000,3.3682921614916443,2.6317078385083557,67.36584322983289,52.63415677016711,13.0078125,13.276946361991925,0.0,0.0,401.91117216117215,320.2701465201465,2.6316475831985415,2.6265464372092877,0.053346336767407986
69033,3.3710715034800476,2.6289284965199524,67.42143006960096,52.57856993039904,13.0078125,13.276946361991925,0.0,0.0,402.09340659340666,320.63461538461536,2.63183362078526,2.6273312770455304,0.05558683976806554
69066,3.373963328832348,2.626036671167652,67.47926657664695,52.52073342335304,13.0078125,13.276946361991925,0.0,0.0,401.3644688644688,319.9056776556776,2.6318302803580305,2.6265300750360567,0.057836507045995494
69100,3.3769674154491827,2.6230325845508173,67.53934830898365,52.460651691016345,13.0078125,13.276946361991925,0.0,0.0,400.81776556776555,319.9056776556776,2.6318302803580305,2.626428285481123,0.06008173233670378
69133,3.380083202388304,2.619916797611696,67.60166404776608,52.39833595223393,13.0078125,13.276946361991925,0.0,0.0,401.3644688644688,320.4523809523809,2.632049309657314,2.626428285481123,0.06231573878242483
69166,3.3833113193085627,2.6166886806914373,67.66622638617125,52.333773613828754,13.0078125,13.276946361991925,0.0,0.0,402.6401098901099,318.0833333333333,2.6319636119141934,2.627295206386615,0.06456233840516824
69200,3.3866515561375343,2.6133484438624657,67.73303112275069,52.26696887724931,13.0078125,13.276946361991925,0.0,0.0,401.91117216117215,317.9010989010989,2.631683743526847,2.625737489151355,0.06680473657944205
69233,3.388088748870251,2.611911251129749,67.76177497740501,52.23822502259499,13.095703125,13.276946361991925,2.638654070954592,0.0,401.7289377289377,315.7142857142857,2.631683743526847,2.619207816449818,0.028743854654321815
69266,3.38689519603806,2.6131048039619404,67.7379039207612,52.26209607923881,13.271484375,13.276946361991925,5.267982819562026,0.0,402.6401098901099,313.89194139194143,2.628643942983964,2.619207816449818,-0.023871056643818736
69300,3.386326863237827,2.613673136762173,67.72653726475654,52.273462735243456,13.359375,13.276946361991925,2.630325900757503,0.0,404.46245421245425,313.34523809523813,2.6287902259926974,2.617866478888865,-0.01136665600465509
69333,3.3830013233154865,2.616998676684513,67.66002646630973,52.33997353369026,13.53515625,13.276946361991925,5.293668843765075,0.0,406.28479853479854,314.4386446886447,2.6289743656708895,2.616946905003665,-0.06651079844680918
69366,3.3802042284202436,2.619795771579756,67.60408456840487,52.39591543159512,13.623046875,13.276946361991925,2.629174753688442,0.0,406.10256410256414,314.4386446886447,2.6289743656708895,2.6173943877131154,-0.055941897904852884
69400,3.3785776556201754,2.6214223443798246,67.5715531124035,52.428446887596486,13.623046875,13.276946361991925,0.0,0.0,405.73809523809524,313.709706959707,2.630956323630386,2.6173943877131154,-0.03253145600135861
69433,3.3768071983586663,2.6231928016413337,67.53614396717333,52.46385603282667,13.623046875,13.276946361991925,0.0,0.0,406.64926739926744,314.0741758241758,2.6306369930216866,2.617459784240573,-0.03540914523017312
69466,3.3748923764212497,2.62510762357875,67.497847528425,52.502152471574995,13.623046875,13.276946361991925,0.0,0.0,407.5604395604396,314.2564102564103,2.63056631269619,2.617286647237879,-0.038296438748327236
69500,3.3728332858637784,2.6271667141362216,67.45666571727557,52.54333428272443,13.623046875,13.276946361991925,0.0,0.0,405.5558608058608,313.709706959707,2.63056631269619,2.617383008391499,-0.04118181114942639
69533,3.3706523793245275,2.6293476206754725,67.41304758649055,52.58695241350945,13.623046875,13.277103143528205,0.0,0.04250788072035916,406.64926739926744,315.1675824175824,2.6314647598565997,2.6173503112600724,-0.043618130785018
69566,3.3684599380884412,2.6315400619115588,67.36919876176883,52.63080123823118,13.623046875,13.281723629818854,0.0,0.2346452625243136,406.83150183150184,314.4386446886447,2.630523499510674,2.6173503112600724,-0.0438488247217267
69600,3.3663084615156005,2.6336915384843995,67.326169230312,52.673830769687996,13.623046875,13.292721618180577,0.0,0.4263931369319148,406.46703296703294,314.4386446886447,2.6306320583684775,2.6176850897222703,-0.043029531456827176
69633,3.3642535295230958,2.6357464704769042,67.28507059046191,52.71492940953808,13.623046875,13.310179771390654,0.0,0.6188842695767052,406.46703296703294,314.8031135531136,2.6306320583684775,2.617383008391499,-0.04109863985008477
69666,3.3623525355052584,2.6376474644947416,67.24705071010517,52.75294928989483,13.623046875,13.333953016109994,0.0,0.8105592593664356,405.73809523809524,314.2564102564103,2.631550433236455,2.617347142407657,-0.03801988035674073
69700,3.3606670732485897,2.6393329267514103,67.21334146497179,52.78665853502821,13.623046875,13.364266020969573,0.0,1.0031780265061094,406.46703296703294,314.6208791208791,2.6306616664960067,2.617347142407657,-0.033709245133380854
69733,3.3592588185091308,2.640741181490869,67.18517637018262,52.814823629817376,13.623046875,13.400771556966024,0.0,1.194610989594295,406.83150183150184,314.98534798534797,2.630604047217784,2.618050912938192,-0.028165094789167976
69766,3.3581951145307936,2.6418048854692064,67.16390229061588,52.83609770938412,13.623046875,13.443857071476279,0.0,1.3869605135607967,406.10256410256414,314.0741758241758,2.630604047217784,2.6173943877131154,-0.02127407956673711
69800,3.357544536205538,2.642455463794462,67.15089072411077,52.84910927588924,13.623046875,13.49333614262234,0.0,1.5792117574128057,405.9203296703297,314.4386446886447,2.6315010616253858,2.617383008391499,-0.013011566505120073
69833,3.357378265808421,2.642621734191579,67.14756531616841,52.85243468383159,13.623046875,13.549203525257617,0.0,1.7713796576232748,406.46703296703294,314.8031135531136,2.630725819153825,2.617383008391499,-0.0033254079423524867
69866,3.357769299939578,2.6422307000604217,67.15538599879156,52.844614001208434,13.623046875,13.611369112055108,0.0,1.9632242159254123,405.3736263736264,313.89194139194143,2.6308229234551734,2.6181768580105387,0.007820682623155037
69900,3.3586914176037794,2.64130858239622,67.17382835207559,52.826171647924404,13.623046875,13.67755696415783,0.0,1.9871489621878158,406.64926739926744,315.1675824175824,2.6308229234551734,2.617407495631255,0.018442353284035796
69933,3.3601613954812692,2.639838604518731,67.20322790962538,52.796772090374624,13.623046875,13.743882984928076,0.0,1.9871489621878158,405.5558608058608,314.8031135531136,2.631476376340882,2.6173943877131154,0.029399557549787132
69966,3.362204670119097,2.637795329880903,67.24409340238194,52.755906597618065,13.623046875,13.809963113891964,0.0,1.9871489621878158,405.3736263736264,314.2564102564103,2.6307785073676646,2.6173943877131154,0.04086549275654949
70000,3.364852439194059,2.635147560805941,67.29704878388118,52.70295121611882,13.623046875,13.876435482220295,0.0,1.9871489621878158,405.73809523809524,313.89194139194143,2.630977662793393,2.61816864392445,0.052955381499242525
70033,3.3681285602583286,2.631871439741671,67.36257120516657,52.63742879483342,13.623046875,13.942511269265339,0.0,1.9871489621878158,406.83150183150184,315.3498168498168,2.630956323630386,2.617479374866837,0.06552242128539862
70066,3.3720622590110474,2.6279377409889526,67.44124518022095,52.558754819779054,13.623046875,14.008757398701391,0.0,1.9871489621878158,405.9203296703297,314.98534798534797,2.630956323630386,2.618338553680062,0.07867397505436771
70100,3.376682428183864,2.623317571816136,67.53364856367729,52.46635143632272,13.623046875,14.075123124691736,0.0,1.9871489621878158,405.9203296703297,315.8965201465201,2.630600709131215,2.618338553680062,0.09240338345633867
70133,3.3820130285891503,2.6179869714108497,67.640260571783,52.359739428217,13.623046875,14.141153795506739,0.0,1.9871489621878158,407.0137362637363,315.8965201465201,2.630911759004754,2.620673280065843,0.10661200810571711
70166,3.388083999114375,2.611916000885625,67.7616799822875,52.2383200177125,13.623046875,14.207401212616158,0.0,1.9871489621878158,406.28479853479854,315.1675824175824,2.63080985978326,2.6202414038343473,0.12141941050449565
70200,3.3949234296958766,2.605076570304123,67.89846859391753,52.101531406082465,13.623046875,14.273688851602559,0.0,1.9871489621878158,405.5558608058608,315.3498168498168,2.63080985978326,2.6203100813211138,0.13678861163003075
70233,3.402501390957103,2.5974986090428973,68.05002781914206,51.94997218085795,13.623046875,14.339124049517029,0.0,1.8850358038598436,407.1959706959707,316.260989010989,2.630985792066638,2.6203100813211138,0.15155922522452636
70266,3.410753066167257,2.5892469338327424,68.21506132334514,51.78493867665485,13.623046875,14.398698153014477,0.0,1.6931519738424532,405.5558608058608,315.5320512820513,2.6307949092559157,2.6211116144463977,0.16503350420308602
70300,3.419653876458733,2.580346123541267,68.39307752917466,51.60692247082534,13.623046875,14.451976217770273,0.0,1.5009095870290567,406.83150183150184,315.8965201465201,2.6309052268257873,2.6204015593098067,0.17801620582951977
70333,3.429174909191112,2.570825090808889,68.58349818382223,51.41650181617778,13.623046875,14.498815687508422,0.0,1.3087783999614448,407.0137362637363,315.8965201465201,2.6309052268257873,2.6205522054276127,0.19042065464756233
70366,3.4392846853427677,2.5607153146572323,68.78569370685535,51.214306293144645,13.623046875,14.539230892204575,0.0,1.1167418626094796,407.0137362637363,314.8031135531136,2.6313956433655155,2.6205522054276127,0.2021955230331267
70400,3.449949069213334,2.5500509307866666,68.99898138426667,51.00101861573333,13.623046875,14.573229015730359,0.0,0.9248141738906503,406.83150183150184,314.4386446886447,2.6308838885440355,2.6209104028588444,0.2132876774113137
70433,3.4591142062965288,2.540885793703471,69.18228412593058,50.817715874069414,13.7109375,14.60080480602711,2.642119321212553,0.7331221154633398,408.8360805860806,312.79853479853483,2.6317364605214357,2.6202936331057023,0.1833027416639158
70466,3.4559841454216156,2.5440158545783844,69.11968290843231,50.88031709156768,14.326171875,14.622117835978456,18.378465150557773,0.5402162873643583,411.7518315018315,308.78937728937734,2.6317364605214357,2.613753482841128,-0.06260121749826406
70500,3.4460399863143483,2.553960013685652,68.92079972628696,51.07920027371305,15.029296875,14.6368851226242,21.16392258197727,0.3487684914911663,413.3919413919414,307.14926739926733,2.6313676200179104,2.613753482841128,-0.19888318214535627
70533,3.4424543118258986,2.5575456881741014,68.84908623651798,51.15091376348203,15.205078125,14.645304214225854,5.278602401635657,0.15687175339364856,414.3031135531136,306.2380952380952,2.6249795482155105,2.6149873702054367,-0.0717134897689875
70566,3.4411427677049624,2.5588572322950376,68.82285535409925,51.17714464590075,15.205078125,14.64702902427247,0.0,-0.13425004790984313,413.5741758241758,305.87362637362634,2.6259752996187316,2.614787007217894,-0.026230882418727966
70600,3.439098912369723,2.560901087630278,68.78197824739445,51.21802175260556,15.205078125,14.630291765986565,0.0,-0.8677621945561597,413.9386446886447,305.32692307692304,2.6259752996187316,2.614879922150508,-0.04087710670480427
70633,3.4361227733405,2.5638772266595,68.72245546681,51.277544533189996,15.205078125,14.589102684193653,0.0,-1.6005497499523211,414.8498168498168,307.14926739926733,2.626789426235461,2.614907538688917,-0.05952278058444675
70666,3.4320063105959195,2.5679936894040805,68.64012621191839,51.359873788081615,15.205078125,14.523627394824299,0.0,-2.3317365120352247,413.3919413919414,306.42032967032964,2.6258703579680014,2.614907538688917,-0.0823292548916225
70700,3.426528290877533,2.573471709122467,68.53056581755065,51.46943418244935,15.205078125,14.433719241690264,0.0,-3.063520582782374,414.48534798534797,306.96703296703294,2.62595069204637,2.615294216168579,-0.10956039436773014
70733,3.419457449657116,2.580542550342884,68.38914899314231,51.610851006857686,15.205078125,14.31936876584579,0.0,-3.795611212210989,414.48534798534797,308.242673992674,2.62595069204637,2.615036421653059,-0.14141682440833853
70766,3.4105528245596033,2.5894471754403967,68.21105649119207,51.78894350880793,15.205078125,14.180604242158841,0.0,-4.527722590701408,414.12087912087907,306.96703296703294,2.6266679275076483,2.6149383201379233,-0.1780925019502418
70800,3.3995603650745347,2.6004396349254653,67.99120730149069,52.00879269850931,15.205078125,14.017198084959166,0.0,-5.26079599965003,414.12087912087907,306.6025641025641,2.6257652778737266,2.6149383201379233,-0.2198491897013814
70833,3.3862231464653947,2.6137768535346053,67.72446292930789,52.27553707069211,15.205078125,13.829716895395658,0.0,-5.992402792365343,414.3031135531136,307.69597069597063,2.6257571727841325,2.6156675966732705,-0.2667443721828026
70866,3.3702796980885226,2.629720301911478,67.40559396177045,52.59440603822956,15.205078125,13.618626332716225,0.0,-6.721500818622005,412.6630036630036,307.8782051282051,2.6257571727841325,2.615064040670769,-0.3188689675374478
70900,3.351426914918926,2.648573085081074,67.02853829837852,52.97146170162148,15.205078125,13.381408380845146,0.0,-7.45624536999642,412.8452380952381,308.78937728937734,2.6264497143693695,2.6160298305765646,-0.37705566339193197
70933,3.337477383945827,2.662522616054172,66.74954767891654,53.25045232108345,14.853515625,13.121837922859614,-10.59225805995682,-8.184997798566489,408.65384615384613,312.79853479853483,2.6237712550354613,2.6160298305765646,-0.2789906194619737
70966,3.340974766319457,2.659025233680542,66.81949532638914,53.18050467361085,13.7109375,12.83537380098804,-34.112942903102194,-8.920413235260767,405.5558608058608,318.0833333333333,2.6256963858083537,2.628413887277019,0.06994764747260812
71000,3.3383553339144667,2.6616446660855333,66.76710667828934,53.23289332171066,13.095703125,12.526396066723182,-18.489646615741417,-9.651010439463665,401.91117216117215,319.9056776556776,2.6256963858083537,2.623071535323578,-0.05238864809980642
71033,3.3232473187425695,2.67675268125743,66.4649463748514,53.5350536251486,13.095703125,12.19277179994545,0.0,-10.382318775504515,399.17765567765565,321.54578754578756,2.63499273299383,2.6260607050532885,-0.3021603034379379
71066,3.306581412558844,2.693418587441156,66.13162825117688,53.86837174882312,13.0078125,11.834965040387374,-2.6400587147300176,-11.113281096736811,398.9954212454212,322.27472527472526,2.6322978567828788,2.6260607050532885,-0.33331812367451424
71100,3.2907500388078756,2.7092499611921244,65.81500077615752,54.18499922384249,12.744140625,11.452123981727782,-7.9061472006776725,-11.84554046302202,397.90201465201466,324.09706959706955,2.6310302134037316,2.630401741621761,-0.3166274750193647
71133,3.2748717999633805,2.7251282000366195,65.49743599926761,54.50256400073239,12.392578125,11.0440305353464,-10.520679560135447,-12.579251031917538,396.6263736263736,325.3727106227106,2.6318384135832624,2.6301582512034583,-0.31756477688990786
71166,3.2574568542079505,2.74254314579205,65.14913708415901,54.850862915841,12.041015625,10.613021017420257,-10.558702013409652,-13.310319469631857,394.257326007326,326.83058608058604,2.6318384135832624,2.6301499806685706,-0.34829891510860517
71200,3.2402816760404622,2.7597183239595378,64.80563352080925,55.19436647919075,11.6015625,10.15790412522376,-13.204994689057521,-14.041021560677656,391.5238095238095,328.65293040293034,2.631757809176469,2.6301499806685706,-0.34350356334975535
71233,3.2200060595891626,2.7799939404108374,64.40012119178326,55.599878808216744,11.25,9.680777853109744,-10.539627425075,-14.384489930510037,389.3369963369964,331.2042124542124,2.6324560678822038,2.6321711819611475,-0.40551232902599316
71266,3.200089800653205,2.799910199346795,64.0017960130641,55.998203986935906,10.810546875,9.201646791132502,-13.193277483215883,-14.384489930510037,386.96794871794873,332.8443223443224,2.6328546371099018,2.6329765653525183,-0.39832517871916095
71300,3.1811917949005566,2.8188082050994434,63.62383589801113,56.37616410198887,10.283203125,8.722016817523487,-15.815464585572435,-14.384489930510037,386.0567765567766,335.3956043956044,2.6328546371099018,2.6348507329941095,-0.3779601150529649
71333,3.1600077250075858,2.8399922749924142,63.20015450015171,56.79984549984829,9.84375,8.242415339634364,-13.18033688994393,-14.384489930510037,382.2298534798535,338.6758241758242,2.633950696753162,2.6348507329941095,-0.4236813978594159
71366,3.137855494985698,2.862144505014302,62.75710989971395,57.24289010028605,9.404296875,7.763552792936466,-13.200675423633896,-14.384489930510037,378.76739926739936,340.315934065934,2.634895397740166,2.6366165097420855,-0.44304460043775623
71400,3.112648103856061,2.887351896143939,62.25296207712122,57.74703792287878,9.052734375,7.282506738192648,-10.512605168101976,-14.384489930510037,378.03846153846155,343.0494505494505,2.63467106706866,2.637635356502484,-0.5041478225927378
71433,3.089783969135994,2.910216030864006,61.795679382719875,58.204320617280125,8.525390625,6.804875662088809,-15.881652684054528,-14.384489930510037,377.49175824175825,347.058608058608,2.63467106706866,2.639392264665331,-0.45728269440134206
71466,3.0685617165510837,2.9314382834489163,61.371234331021675,58.628765668978325,7.91015625,6.325265654176159,-18.452143462575457,-14.384489930510037,371.1135531135531,349.2454212454212,2.6359248929068846,2.639392264665331,-0.424445051698198
71500,3.0477598714266145,2.9522401285733855,60.955197428532294,59.044802571467706,7.294921875,5.845910568127763,-18.461956344399077,-14.384489930510037,368.56227106227107,352.34340659340654,2.636124487426162,2.640902586642741,-0.4160369024893789
71533,3.0253773241971134,2.9746226758028866,60.507546483942264,59.492453516057736,6.767578125,5.365058718454627,-15.775276453545416,-14.384489930510037,364.9175824175824,355.07692307692304,2.6364449633869897,2.640722301374384,-0.4476509445900296
71566,3.0027996024851795,2.9972003975148205,60.0559920497036,59.9440079502964,6.240234375,4.885098419379865,-15.804579829655522,-14.384489930510037,363.09523809523813,357.0815018315019,2.6364449633869897,2.6418082336654085,-0.45155443423866926
71600,2.980033945458511,3.019966054541489,59.60067890917022,60.39932109082978,5.712890625,4.405221507233707,-15.807326149256408,-14.384489930510037,360.72619047619054,359.63278388278394,2.6384747387865506,2.6418082336654085,-0.4553131405333748
71633,2.9571479343903637,3.0428520656096363,59.14295868780728,60.85704131219272,5.185546875,3.9272689090096837,-15.870968983072576,-14.384489930510037,360.5439560439561,362.184065934066,2.6374602138514947,2.642838275761126,-0.4577202213629413
71666,2.9340727643466153,3.0659272356533847,58.681455286932305,61.318544713067695,4.658203125,3.44706088031807,-15.796426566336727,-14.384489930510037,354.8946886446886,365.2820512820513,2.637032484507323,2.643050495413811,-0.46150340087497205
71700,2.9108708329575883,3.0891291670424117,58.217416659151766,61.782583340848234,4.130859375,2.96706782775943,-15.803501366023767,-14.384489930510037,352.1611721611721,368.38003663003667,2.637032484507323,2.6434596603942873,-0.4640386277805413
71733,2.8855594136991893,3.1144405863008107,57.71118827398378,62.28881172601622,3.69140625,2.487685310549888,-13.186357083461532,-14.384489930510037,349.2454212454212,370.20238095238096,2.6377857424817734,2.643933849257667,-0.5062283851679868
71766,2.8614721862080312,3.1385278137919688,57.229443724160625,62.770556275839375,3.1640625,2.0093755022907245,-15.859116269015162,-14.384489930510037,346.8763736263736,373.66483516483515,2.6364895230546295,2.643933849257667,-0.48174454982315723
71800,2.835255292101095,3.164744707898905,56.7051058420219,63.2948941579781,2.724609375,1.5301618733510063,-13.191004324062856,-14.384489930510037,344.8717948717948,377.3095238095238,2.6355008843901784,2.6445273865080896,-0.5243378821387236
71833,2.8082108904992515,3.1917891095007485,56.164217809985026,63.835782190014974,2.28515625,1.0502734967502465,-13.172457095689643,-14.384489930510037,341.2271062271062,380.77197802197804,2.6355008843901784,2.6442488759337555,-0.5408880320368737
71866,2.7823445111545886,3.2176554888454114,55.646890223091766,64.35310977690823,1.7578125,0.5703867312476514,-15.807001582650187,-14.384489930510037,336.67124542124543,380.9542124542125,2.635936538937299,2.644097790655234,-0.5173275868932569
71900,2.760766998327662,3.239233001672338,55.215339966553245,64.78466003344676,1.0546875,0.09946754416421122,-21.055256359297942,-13.740626942049335,334.11996336996333,385.87454212454213,2.6340741553583094,2.644097790655234,-0.4315502565385205
71933,2.7392134730468523,3.2607865269531477,54.78426946093705,65.21573053906295,0.439453125,-0.345875031712644,-18.47749211628976,-13.009549150802377,331.7509157509157,389.8836996336996,2.6324806216637477,2.6446122356577253,-0.4310705056161975
71966,2.7152093277747404,3.2847906722252596,54.30418655549481,65.69581344450519,0.0,-0.766697292823697,-13.203958742911126,-12.278789730888004,328.47069597069594,391.34157509157507,2.6324806216637477,2.644170918408277,-0.4800829054422354
72000,2.689543557831811,3.310456442168189,53.790871156636214,66.20912884336379,-0.3515625,-1.1646800806465665,-10.522598208519478,-11.545212943836995,326.28388278388275,394.257326007326,2.6326833124498585,2.6440435318230553,-0.5133153988585928
72033,2.6697965773040333,3.3302034226959667,53.395931546080675,66.60406845391933,-0.966796875,-1.5372045911149885,-18.46306442625762,-10.813563862607072,324.4615384615384,397.3553113553113,2.629829346145303,2.6440435318230553,-0.3949396105555431
72066,2.6502892476868465,3.3497107523131535,53.005784953736935,66.99421504626307,-1.494140625,-1.8849742200529012,-15.84314627610416,-10.082730448835244,319.9056776556776,399.72435897435895,2.6279440122606825,2.6447680468851043,-0.39014659234373983
72100,2.6285397070843457,3.3714602929156543,52.57079414168692,67.42920585831308,-1.845703125,-2.2095399149720265,-10.52415587305287,-9.349262237384739,317.71886446886447,403.36904761904765,2.6279440122606825,2.643627213020854,-0.43499081205001794
72133,2.6115004893573195,3.3884995106426805,52.23000978714639,67.76999021285361,-2.373046875,-2.5077171512295324,-15.890372995695742,-8.62060088494273,315.3498168498168,405.9203296703297,2.6271900407538338,2.64358232606925,-0.3407843545405268
72166,2.5947025219743547,3.4052974780256453,51.89405043948709,68.10594956051291,-2.8125,-2.783376591522064,-13.158360619865078,-7.887309139086781,313.1630036630037,408.10714285714283,2.6252780260571096,2.64358232606925,-0.3359593476593039
72200,2.57978983353051,3.42021016646949,51.5957966706102,68.4042033293898,-3.251953125,-3.034077336344213,-13.184225143071453,-7.155455948866216,311.15842490842493,410.4761904761905,2.624336756733169,2.6438642409297834,-0.2982537688768942
72233,2.565012623381889,3.434987376618111,51.30025246763778,68.69974753236222,-3.603515625,-3.260198922259366,-10.5565118281455,-6.424235834599505,309.8827838827839,412.4807692307692,2.6230192229743965,2.6414454516573196,-0.2955442029724168
72266,2.5519156062699335,3.448084393730067,51.03831212539867,68.96168787460134,-3.955078125,-3.4624012525485934,-10.532481836859027,-5.691347432340803,307.33150183150184,412.6630036630036,2.6230192229743965,2.640493869232907,-0.26194034223911594
72300,2.5407794370442716,3.459220562955728,50.81558874088543,69.18441125911457,-4.306640625,-3.6397884791969735,-10.554933164336525,-4.960017952082588,306.0558608058608,414.12087912087907,2.6214602532127174,2.640493869232907,-0.22272338451323548
72333,2.5298289355357526,3.4701710644642474,50.59657871071506,69.40342128928495,-4.5703125,-3.7932730773466283,-7.890623720379311,-4.226317988165475,305.5091575091575,416.67216117216117,2.6195544890008553,2.6405668475255144,-0.21901003017037518
72366,2.5206461173001586,3.479353882699842,50.41292234600318,69.58707765399683,-4.833984375,-3.921965913586528,-7.90922549280695,-3.4943436192224033,303.3223443223443,416.30769230769226,2.618555900868174,2.6381079789971214,-0.1836563647118811
72400,2.5134715046561613,3.486528495343839,50.269430093123226,69.73056990687678,-5.09765625,-4.026247420837728,-7.910025339177324,-2.7624432661031886,301.6822344322344,418.312271062271,2.618555900868174,2.6376765947886756,-0.1434922528799544
72433,2.506551131157079,3.493448868842921,50.131022623141575,69.86897737685842,-5.2734375,-4.106102250427216,-5.2756568102602905,-2.030862909111243,302.95787545787545,419.58791208791206,2.6170451195720816,2.6376765947886756,-0.138407469981649
72466,2.5014342785534716,3.4985657214465284,50.02868557106943,69.97131442893057,-5.44921875,-4.161598527153466,-5.273561270473887,-1.2989918461491952,301.13553113553115,419.58791208791206,2.616501552602497,2.6375214097999424,-0.10233705207214569
72500,2.4983649563730737,3.501635043626926,49.96729912746147,70.03270087253853,-5.625,-4.192702615139491,-5.272740918663099,-0.5670069160806411,299.6776556776557,419.7701465201465,2.6154701770578153,2.636327599211259,-0.06138644360795943
72533,2.4956729211023516,3.5043270788976484,49.913458422047036,70.08654157795297,-5.712890625,-4.198769572079935,-2.637113156396511,0.33426081038027317,301.13553113553115,421.5924908424908,2.6154701770578153,2.635655891086654,-0.053840705414438625
72566,2.4933167147958124,3.5066832852041876,49.866334295916246,70.13366570408375,-5.712890625,-4.162978479641863,0.0,1.8166272505714063,298.7664835164835,421.22802197802196,2.6151212939864976,2.635655891086654,-0.04712412613079264
72600,2.49503603259397,3.50496396740603,49.900720651879396,70.0992793481206,-5.80078125,-4.077906028427691,-2.64217809780805,3.298288414778069,298.58424908424905,422.1391941391941,2.6145406484081497,2.6359413429473304,0.034386355963154105
72633,2.4979638380246456,3.5020361619753544,49.95927676049291,70.04072323950709,-5.80078125,-3.9430417655894443,0.0,4.784654536684512,299.8598901098901,421.0457875457875,2.614195114425884,2.6350289622906584,0.05855610861351861
72666,2.503863692604122,3.496136307395878,50.07727385208244,69.92272614791756,-5.80078125,-3.758993912606661,0.0,6.26806107421228,300.04212454212455,421.7747252747252,2.614195114425884,2.6348871048512956,0.11799709158952545
72700,2.513216983425017,3.486783016574983,50.26433966850034,69.73566033149966,-5.80078125,-3.524596918884422,0.0,7.756903367584371,301.6822344322344,422.6858974358974,2.614715382678085,2.6348871048512956,0.18706581641790132
72733,2.526493437705397,3.473506562294603,50.52986875410794,69.47013124589206,-5.80078125,-3.242047570122697,0.0,9.237970655239643,300.77106227106225,420.86355311355305,2.6143370295819546,2.6346429913819183,0.265529085607594
72766,2.54421885422259,3.45578114577741,50.8843770844518,69.1156229155482,-5.80078125,-2.908863971715219,0.0,10.724800324312195,300.4065934065934,420.3168498168498,2.614509873980578,2.6338170687757274,0.35450833034385854
72800,2.566906883472848,3.433093116527152,51.33813766945697,68.66186233054303,-5.80078125,-2.527448104413886,0.0,12.20652665337354,299.8598901098901,419.4056776556776,2.614509873980578,2.633251843327254,0.4537605850051736
72833,2.595131013640656,3.404868986359344,51.902620272813124,68.09737972718688,-5.80078125,-2.094829779872404,0.0,13.694471517186786,301.5,420.3168498168498,2.6151326585617576,2.6326025239258457,0.5644826033561547
72866,2.6294614751805874,3.3705385248194117,52.589229503611755,67.41077049638824,-5.80078125,-1.6128148473872552,0.0,15.181509864915043,302.41117216117215,419.04120879120876,2.6148196563279904,2.6326025239258457,0.6866092307986327
72900,2.669796575617875,3.3302034243821255,53.3959315123575,66.60406848764251,-5.80078125,-1.0969997969846228,0.0,15.539210447294558,307.69597069597063,414.12087912087907,2.6246843034543854,2.6323902538190707,0.8067020087457452
72933,2.6859708199308154,3.314029180069184,53.71941639861631,66.28058360138368,-4.482421875,-0.5792086130396519,39.56472108545194,15.539210447294558,315.1675824175824,407.742673992674,2.6246843034543854,2.6208630623230493,0.3234848862588121
72966,2.685437870736531,3.314562129263469,53.70875741473062,66.29124258526937,-2.63671875,-0.059957908833111695,55.2349164868845,15.539210447294558,320.4523809523809,400.45329670329664,2.6344517104354424,2.636632966257236,-0.010658983885689532
73000,2.707621237554094,3.292378762445906,54.152424751081874,65.84757524891812,-2.197265625,0.45781313628197084,13.188753321612356,15.539210447294558,323.55036630036625,398.8131868131868,2.624554851226887,2.636632966257236,0.4436673363512563
73033,2.7415874654257344,3.2584125345742656,54.83174930851469,65.16825069148531,-2.197265625,0.974026795078299,0.0,15.539210447294558,326.6483516483516,395.89743589743586,2.632874400826737,2.6417186995976416,0.6793245574328127
73066,2.772924172379175,3.227075827620825,55.458483447583504,64.5415165524165,-1.845703125,1.4922470321126955,10.541857076327176,15.539210447294558,327.92399267399264,392.0705128205128,2.632874400826737,2.635631147316494,0.6267341390688164
73100,2.796921018905794,3.2030789810942055,55.938420378115886,64.0615796218841,-1.0546875,2.0109789132488425,23.695783334256074,15.539210447294558,331.9331501831502,388.6080586080586,2.638850032446074,2.634163155637694,0.479936930532382
73133,2.824033771454197,3.175966228545803,56.48067542908394,63.51932457091606,-0.439453125,2.5285669219399542,18.470784228002007,15.539210447294558,336.489010989011,386.42124542124543,2.636821134886854,2.634163155637694,0.5422550509680506
73166,2.855681631849413,3.144318368150587,57.11363263698826,62.88636736301174,0.0,3.047981083174502,13.14703198477607,15.539210447294558,337.9468864468864,382.0476190476191,2.6376800920729795,2.6356442469161148,0.6329572079043223
73200,2.8871614723033714,3.1128385276966286,57.74322944606743,62.25677055393257,0.52734375,3.5648951719012176,15.852741660612391,15.539210447294558,342.13827838827837,378.76739926739936,2.6376800920729795,2.635753268483646,0.6295968090791754
73233,2.9155964699171646,3.0844035300828354,58.311929398343295,61.688070601656705,1.23046875,4.081069488058749,21.080800065458163,15.10488354447541,347.78754578754575,374.75824175824175,2.6411309258189437,2.6357251754968782,0.5686999522758663
73266,2.9467076022597882,3.0532923977402118,58.93415204519576,61.06584795480424,1.7578125,4.559257323495439,15.839946906444176,13.621994984471353,349.4276556776556,371.29578754578756,2.6412769382558294,2.6357251754968782,0.6222226468524619
73300,2.9754861255442187,3.0245138744557813,59.50972251088437,60.49027748911563,2.373046875,4.989302402758944,18.424054403643485,12.134608542013927,353.25457875457874,367.1043956043956,2.6429196820687566,2.636596703875053,0.5755704656886134
73333,3.002690420878009,2.997309579121991,60.053808417560184,59.946191582439816,2.98828125,5.367857472089002,18.51890717721591,10.654840407056565,357.44597069597074,363.64194139194143,2.644215820351866,2.635708727479932,0.5440859066758116
73366,3.0279414438309407,2.9720585561690593,60.55882887661881,59.44117112338119,3.603515625,5.698831408000552,18.42339013974422,9.167400336189248,360.17948717948724,359.9972527472528,2.644215820351866,2.6355585190859467,0.5050204590586249
73400,3.0526776730536773,2.9473223269463227,61.05355346107355,58.94644653892645,4.130859375,5.9797819987673595,15.81314550793282,7.681998456667284,363.8241758241759,356.35256410256414,2.64511629451878,2.6355585190859467,0.4947245844547335
73433,3.073055554728,2.926944445272,61.46111109456,58.53888890544,4.74609375,6.210620617532203,18.500231510330945,6.200736521119369,366.9221611721612,355.07692307692304,2.6458080187499777,2.6362301899850205,0.40755763348645735
73466,3.0939466225539616,2.9060533774460384,61.87893245107923,58.12106754892077,5.185546875,6.393097646709315,13.139163275813486,4.710986909876623,369.4734432234432,349.9743589743589,2.6461517862769677,2.635436411453244,0.4178213565192273
73500,3.1121412474722656,2.8878587525277344,62.242824949445314,57.757175050554686,5.625,6.525335215489858,13.189706518911668,3.2269460516412707,374.21153846153845,347.9697802197802,2.6461517862769677,2.6350948753372485,0.3638924983660856
73533,3.1251315859021567,2.8748684140978433,62.50263171804313,57.49736828195687,6.15234375,6.608135234945661,15.825589226992484,1.7427121490846085,374.75824175824175,347.6053113553113,2.6469786838531717,2.6350948753372485,0.2598067685978185
73566,3.1356690022592044,2.8643309977407956,62.713380045184095,57.286619954815905,6.591796875,6.641470806188551,13.19790067057772,0.2595926840446224,376.2161172161172,344.50732600732596,2.6460620313079826,2.6360222852122748,0.21074832714096425
73600,3.1472147159011272,2.8527852840988728,62.94429431802254,57.05570568197746,6.85546875,6.654913654356494,7.92622977166742,0.9247420840143608,376.94505494505495,342.5027472527472,2.646118695006535,2.635228600572906,0.23091427283844507
73633,3.1595701330993737,2.8404298669006263,63.19140266198748,56.80859733801252,7.03125,6.704547656653759,5.266869082216926,2.0495887063987355,379.3141025641026,342.5027472527472,2.646118695006535,2.6348623719064697,0.24710834396493767
73666,3.1696450022593967,2.8303549977406033,63.39290004518793,56.60709995481207,7.294921875,6.791875893395053,7.8889446920040855,3.176054944083952,380.77197802197804,340.4981684981685,2.646347857467578,2.6348623719064697,0.20149738320044447
73700,3.1789566452712292,2.8210433547287708,63.57913290542458,56.42086709457542,7.55859375,6.91637014465306,7.9155881642939905,4.298729552977178,380.0430402930403,339.7692307692308,2.6455991263233214,2.6354892412468374,0.18623286023664748
73733,3.1897701375987957,2.8102298624012043,63.79540275197592,56.20459724802408,7.734375,7.078203878396201,5.278734446239031,5.421047782471258,382.95879120879124,338.6758241758242,2.644980499025532,2.6348211996001165,0.21626984655134188
73766,3.19905920011563,2.80094079988437,63.9811840023126,56.0188159976874,7.998046875,7.27805512295329,7.894757997889492,6.546684546623403,382.2298534798535,337.76465201465203,2.644980499025532,2.6346793589376323,0.1857812503366816
73800,3.2083845936712176,2.7916154063287824,64.16769187342435,55.832308126575654,8.26171875,7.5147508907803475,7.917934512531835,7.669026469563484,384.2344322344323,336.8534798534798,2.645610836526575,2.6346793589376323,0.18650787111174064
73833,3.2180281955801333,2.7819718044198667,64.36056391160267,55.63943608839733,8.525390625,7.78817898290572,7.935347407241884,8.788905586437254,386.96794871794873,335.21336996337,2.6443184994524414,2.634610115759583,0.1928720381783189
73866,3.2303473974306165,2.7696526025693835,64.60694794861233,55.39305205138767,8.701171875,8.100709045155845,5.260027952528542,9.915215170937556,386.0567765567766,334.11996336996333,2.643880765347024,2.6337642892532953,0.24638403700966494
73900,3.242331583693335,2.757668416306664,64.84663167386671,55.15336832613328,8.96484375,8.450000158449921,7.90886987276302,11.038843450258835,388.2435897435897,332.4798534798535,2.643880765347024,2.6336225339262858,0.2396837252543852
73933,3.253617403303109,2.746382596696891,65.07234806606218,54.927651933937824,9.31640625,8.836473723861687,10.552392634447127,12.161701574080492,390.7948717948718,331.9331501831502,2.6443337116796988,2.6330326639084203,0.22571639219546766
73966,3.2678714503629567,2.7321285496370438,65.35742900725913,54.64257099274088,9.580078125,9.261441331920796,7.894941907979672,13.28731211689229,391.70604395604397,330.4752747252747,2.6424706058005794,2.6330326639084203,0.2850809411969455
74000,3.2840793247005644,2.7159206752994356,65.68158649401128,54.318413505988715,9.84375,9.721062595002504,7.943453539181842,14.406048420022215,393.52838827838826,329.9285714285714,2.641574987217984,2.632370350272819,0.3241574867521541
74033,3.3006809123021865,2.6993190876978126,66.01361824604373,53.98638175395626,10.1953125,10.220936465849407,10.527593186104946,15.531551617750612,393.71062271062266,326.4661172161172,2.641574987217984,2.6295579407552823,0.33203175203245505
74066,3.317300373910415,2.682699626089585,66.34600747820829,53.6539925217917,10.634765625,10.757649071887057,13.177182260602091,16.655543792349572,395.89743589743586,323.55036630036625,2.6426661218470966,2.628612774248,0.3323892321645642
74100,3.3355806128760292,2.664419387123971,66.71161225752058,53.28838774247942,11.07421875,11.33125672588514,13.190227115436985,17.763734834083234,399.3598901098901,322.4569597069597,2.6408412729818327,2.628612774248,0.3656047793122874
74133,3.3552051060063546,2.6447948939936445,67.1041021201271,52.8958978798729,11.513671875,11.92468546335998,13.154618729330068,17.763734834083234,401.5467032967033,320.2701465201465,2.6393063539077732,2.628944786024598,0.3924898626065143
74166,3.378183048908637,2.621816951091363,67.56366097817275,52.43633902182725,11.865234375,12.515299981170074,10.573839347470026,17.763734834083234,402.27564102564105,317.71886446886447,2.6393063539077732,2.624507267284653,0.459558858045655
74200,3.3993152058460936,2.600684794153906,67.98630411692187,52.01369588307812,12.392578125,13.107137230142023,15.827990816196573,17.763734834083234,405.0091575091575,314.8031135531136,2.63980408193214,2.620874464347031,0.4226431387491307
74233,3.4252864349348533,2.5747135650651467,68.50572869869707,51.49427130130293,12.744140625,13.699052106605901,10.550610021690323,17.763734834083234,407.5604395604396,312.79853479853483,2.635758071992668,2.620874464347031,0.519424581775199
74266,3.451579177576974,2.548420822423026,69.03158355153948,50.968416448460516,13.18359375,14.292766378388313,13.148292293991101,17.763734834083234,414.12087912087907,309.1538461538462,2.6350619912565225,2.6205602864293853,0.5258548528424145
74300,3.4754639357041026,2.524536064295897,69.50927871408206,50.49072128591794,13.798828125,14.883540432269786,18.499221870880643,17.763734834083234,413.5741758241758,306.0558608058608,2.6350619912565225,2.615953117633962,0.4776951625425777
74333,3.499649728750813,2.500350271249187,69.99299457501625,50.007005424983745,14.4140625,15.476115853215427,18.442986178658032,17.763734834083234,417.40109890109886,303.8690476190476,2.634232381195776,2.6114802485263144,0.48371586093419777
74366,3.524086974677972,2.4759130253220274,70.48173949355945,49.51826050644055,15.029296875,16.068195221901462,18.45843796679943,17.763734834083234,420.3168498168498,300.4065934065934,2.630449485960406,2.6114802485263144,0.4887449185431983
74400,3.5508288018191023,2.4491711981808972,71.01657603638205,48.983423963617945,15.556640625,16.66212759682395,15.772156792486015,17.763734834083234,422.1391941391941,296.9441391941392,2.628088497730843,2.609707391253265,0.5348365428226091
74433,3.5804977745123017,2.419502225487698,71.60995549024604,48.390044509753956,15.99609375,17.252428939956566,13.22431140522656,17.763734834083234,426.5128205128205,295.3040293040293,2.626295374316135,2.6045174500527297,0.5933794538639938
74466,3.609923844539563,2.390076155460437,72.19847689079126,47.801523109208745,16.5234375,17.845399763854513,15.797732643627223,17.763734834083234,427.78846153846155,290.7481684981685,2.626295374316135,2.600699774180068,0.58852140054522
74500,3.6383680712919806,2.3616319287080194,72.76736142583961,47.23263857416039,17.138671875,18.436703443503273,18.482652272356443,17.763734834083234,432.34432234432234,287.83241758241763,2.6217826796507486,2.600699774180068,0.568884535048356
74533,3.667224310427766,2.332775689572234,73.34448620855532,46.655513791444676,17.75390625,19.03052397797077,18.40431521640334,17.763734834083234,435.6245421245421,284.0054945054944,2.6179350630247025,2.5967141193288477,0.5771247827157129
74566,3.6943169779851366,2.3056830220148634,73.88633955970273,46.11366044029727,18.45703125,19.619943706912657,21.190546298198647,17.763734834083234,440.5448717948717,280.1785714285714,2.613921094151235,2.5923450013117524,0.5418533511474095
74600,3.7251446953941443,2.2748553046058557,74.50289390788289,45.49710609211711,18.984375,20.21444683062567,15.75701483771048,17.763734834083234,443.82509157509156,277.080586080586,2.613921094151235,2.5859385672248205,0.6165543481801559
74633,3.7568049638016072,2.243195036198393,75.13609927603214,44.863900723967866,19.51171875,20.80389684957959,15.871880398454419,17.53879185743858,447.46978021978015,273.98260073260064,2.607747958740792,2.5859385672248205,0.6332053681492427
74666,3.7847539366531864,2.215246063346814,75.69507873306372,44.30492126693628,20.21484375,21.370143205128798,21.080494794382734,16.41463989507552,449.6565934065934,269.24450549450546,2.602907089055283,2.5817257144172348,0.5589794570315784
74700,3.8112576092588593,2.1887423907411407,76.22515218517718,43.77484781482282,20.91796875,21.899446384280093,21.05769732619572,15.289270904174046,454.2124542124542,265.78205128205127,2.5967088528030096,2.5744957373499164,0.5300734521134592
74733,3.8379112457479185,2.1620887542520815,76.75822491495838,43.241775085041624,21.533203125,22.38986824509653,18.47645443951799,14.167006364203445,458.768315018315,263.2307692307692,2.5967088528030096,2.567509770078333,0.5330727297811932
74766,3.863122536345435,2.136877463654565,77.2624507269087,42.737549273091304,22.1484375,22.84453863277438,18.40787412540306,13.040560719225992,460.7728937728937,258.49267399267393,2.58906455429812,2.567509770078333,0.5042258119503242
74800,3.890481833679814,2.109518166320186,77.80963667359627,42.19036332640373,22.587890625,23.260227960066757,13.192624761895155,11.9178842229642,464.59981684981676,256.6703296703296,2.5838362922173257,2.5618038345084475,0.5471859466875812
74833,3.9150314744325625,2.0849685255674375,78.30062948865125,41.699370511348754,23.115234375,23.637519451350073,15.875331158835674,10.798332163533603,467.33333333333326,252.84340659340654,2.57740505149031,2.5539191182625816,0.4909928150549747
74866,3.9358233400203737,2.0641766599796263,78.71646680040747,41.283533199592526,23.73046875,23.98006701235124,18.38136381470155,9.670261915271121,470.4313186813186,249.92765567765565,2.57740505149031,2.5472695985511136,0.4158373117562182
74900,3.953648451106762,2.046351548893238,79.07296902213524,40.92703097786476,24.345703125,24.28357431384459,18.464203668642007,8.547252766651908,472.8003663003663,248.4697802197802,2.568064739038627,2.5472695985511136,0.3565022217277658
74933,3.9721271316647973,2.0278728683352027,79.44254263329594,40.55745736670406,24.78515625,24.548901222407533,13.2294203298789,7.427698819852746,475.5338827838828,245.73626373626374,2.5594523210437474,2.542015012623122,0.36957361116070725
74966,3.9923277280298852,2.0076722719701148,79.8465545605977,40.1534454394023,25.048828125,24.77768183924737,7.913366465762525,6.304709017098515,476.6272893772894,243.18498168498166,2.5504891977278383,2.536220544343998,0.40401192730175794
75000,4.007284366120159,1.9927156338798409,80.14568732240318,39.854312677596816,25.48828125,24.96982296077483,13.129727205506855,5.176654373436995,478.81410256410254,240.99816849816852,2.5504891977278383,2.528482000254716,0.2991327618054894
75033,4.019159373049796,1.9808406269502044,80.38318746099591,39.61681253900409,25.927734375,25.123339548496514,13.21434061334082,4.055822833100567,481.54761904761904,240.81593406593407,2.5451007568717134,2.523392035245391,0.23750013859273908
75066,4.02960263172675,1.9703973682732496,80.59205263453501,39.40794736546499,26.279296875,25.239665705130722,10.56241452982374,2.93403010645755,482.8232600732601,237.35347985347983,2.5374290807001283,2.523392035245391,0.20886517353909906
75100,4.038915569966975,1.961084430033025,80.7783113993395,39.2216886006605,26.54296875,25.31873955742951,7.910557157660554,1.8106414918006384,483.73443223443223,236.8067765567765,2.5330617894116987,2.5195840627999373,0.18625876480449266
75133,4.047416954321045,1.952583045678955,80.9483390864209,39.0516609135791,26.71875,25.36042082490008,5.261783228587089,0.684707632441851,488.1080586080586,234.98443223443218,2.5330617894116987,2.513648212966171,0.1700276870814005
75166,4.05294202780307,1.94705797219693,81.0588405560614,38.9411594439386,26.89453125,25.358787854990243,5.270431035267268,-1.3175368025813732,485.92124542124543,234.61996336996333,2.53078615882049,2.5111402632683206,0.1105014696404959
75200,4.0539562462824845,1.9460437537175153,81.0791249256497,38.920875074350306,27.0703125,25.25853189602645,5.266989020443766,-4.690465018959332,486.4679487179487,233.70879120879118,2.5277306410017104,2.5111402632683206,0.020284369588292286
75233,4.051483120666312,1.9485168793336882,81.02966241332624,38.970337586673764,27.158203125,25.047224010948504,2.6484384342882206,-8.044361347529671,487.5613553113553,233.3443223443223,2.5235262117444903,2.5088961303129675,-0.04946251232345339
75266,4.0451772051127675,1.9548227948872323,80.90354410225535,39.09645589774465,27.158203125,24.72121820179567,0.0,-11.428329908741048,486.2857142857143,233.8910256410256,2.5235262117444903,2.50764726742208,-0.1261183110708783
75300,4.032743362255846,1.9672566377441543,80.65486724511692,39.34513275488309,27.158203125,24.286466346142983,0.0,-14.781148287406232,486.8324175824176,234.80219780219778,2.5245442016930753,2.507957706913414,-0.24867685713844073
75333,4.013054574144985,1.9869454258550143,80.26109148289972,39.738908517100285,27.158203125,23.735400378968457,0.0,-18.162277654542624,486.1034798534798,235.89560439560435,2.522656572732967,2.507957706913414,-0.3937757622172062
75366,3.9850419139715285,2.014958086028471,79.70083827943057,40.29916172056942,27.158203125,23.07574518118443,0.0,-21.522157484036324,486.4679487179487,234.61996336996333,2.5212476190767235,2.509373246954187,-0.5602532034691394
75400,3.9475237636462683,2.0524762363537317,78.95047527292537,41.049524727074626,27.158203125,22.302507202796793,0.0,-24.88968624920405,485.1923076923077,235.5311355311355,2.5212476190767235,2.508677153790935,-0.7503630065051918
75433,3.899265956228853,2.100734043771147,77.98531912457706,42.01468087542294,27.158203125,21.415116497220495,0.0,-28.264167922297307,485.92124542124543,236.6245421245421,2.5217421578317025,2.5091386599926837,-0.9651561483483118
75466,3.8430853563037535,2.156914643696247,76.86170712607506,43.13829287392494,26.982421875,20.418838294499427,-5.283497384336447,-31.626557375744305,480.45421245421244,242.45604395604394,2.5201194822853124,2.5091386599926837,-1.1236119985019983
75500,3.8072338036172675,2.1927661963827325,76.14467607234535,43.85532392765465,25.400390625,19.30613403259321,-47.36597393266911,-35.00211517951603,468.42673992673986,253.20787545787542,2.518620193757633,2.541024328466051,-0.7170310537297166
75533,3.7864957270267086,2.2135042729732914,75.72991454053417,44.27008545946583,23.115234375,18.08718538170212,-68.71885685009256,-37.94112907157489,460.7728937728937,260.8617216117216,2.5580850804013324,2.54810799762453,-0.41476153181118447
75566,3.7414383641078497,2.2585616358921503,74.82876728215699,45.171232717843004,22.1484375,16.82208566952354,-28.994841013126656,-37.94112907157489,453.301282051282,266.510989010989,2.5580850804013324,2.5613678818866235,-0.9011472583771737
75600,3.6796668050311907,2.3203331949688093,73.59333610062382,46.40666389937619,21.708984375,15.55368155052854,-13.145138435645281,-37.94112907157489,449.83882783882785,272.7069597069597,2.5686224085862452,2.5613678818866235,-1.2354311815331787
75633,3.6208818507966454,2.3791181492033546,72.41763701593291,47.582362984067096,20.7421875,14.28806401791342,-28.982977933765046,-37.94112907157489,444.00732600732596,278.35622710622704,2.5712063262291,2.5840356515549203,-1.1756990846909097
75666,3.565106041873202,2.434893958126798,71.30212083746405,48.697879162535955,19.423828125,13.022957969512515,-39.538221537096604,-37.94112907157489,435.0778388278388,285.098901098901,2.586221780754241,2.5861274182314276,-1.1155161784688619
75700,3.505082692071745,2.4949173079282545,70.10165384143491,49.89834615856509,18.193359375,11.758359194060322,-36.9171428665948,-37.94112907157489,429.9752747252747,292.20604395604397,2.586221780754241,2.595612483350029,-1.2004669960291319
75733,3.4420955879774238,2.557904412022576,68.84191175954848,51.15808824045152,16.962890625,10.493251741904247,-36.90229915468869,-37.94112907157489,422.1391941391941,299.1309523809524,2.5974115773457833,2.595612483350029,-1.2597420818864293
75766,3.3782588836197602,2.6217411163802393,67.56517767239521,52.434822327604785,15.64453125,9.232322746169743,-39.66919896267316,-37.94112907157489,413.9386446886447,307.33150183150184,2.610446675314928,2.60677357966961,-1.2767340871532664
75800,3.312157125565375,2.687842874434626,66.2431425113075,53.75685748869251,14.326171875,7.96922124151595,-39.60096874661381,-37.94112907157489,406.10256410256414,315.8965201465201,2.6156041379307178,2.614518070854461,-1.3220351610877166
75833,3.2477801456617446,2.7522198543382554,64.9556029132349,55.0443970867651,12.83203125,6.702544847819208,-44.75443182355612,-37.94112907157489,399.3598901098901,323.00366300366295,2.6156041379307178,2.6217107674813747,-1.2875395980725974
75866,3.1806830356744342,2.8193169643255658,63.613660713488684,56.386339286511316,11.42578125,5.43771702176035,-42.18337994915318,-37.94112907157489,390.0659340659341,330.65750915750914,2.6290301913635017,2.6217107674813747,-1.341942199746213
75900,3.1082045299240866,2.8917954700759134,62.164090598481735,57.835909401518265,10.1953125,4.17380122454457,-36.937091667918374,-37.94112907157489,382.7765567765568,338.4935897435897,2.631603001008413,2.627899669059746,-1.4495701150069464
75933,3.040657257615137,2.959342742384863,60.81314515230274,59.18685484769726,8.701171875,2.947146401163476,-44.676394392190936,-35.01936503905989,374.21153846153845,346.8763736263736,2.6335450458523213,2.634398911835413,-1.3509454461789945
75966,2.9755466377617354,3.0244533622382646,59.510932755234705,60.489067244765295,7.20703125,1.8374605566689612,-44.88716536677253,-31.655285490560594,364.5531135531136,355.2591575091576,2.6335450458523213,2.6375214097999424,-1.3022123970680322
76000,2.915743769820651,3.084256230179349,58.31487539641303,61.68512460358697,5.625,0.837183578283411,-47.398220176867056,-28.282024166716567,358.53937728937734,362.7307692307692,2.6367915683581353,2.6375214097999424,-1.1960573588216745
76033,2.85715837027141,3.14284162972859,57.1431674054282,62.8568325945718,4.21875,-0.04882516193861042,-42.21691632162517,-24.91556779229726,351.24999999999994,371.29578754578756,2.6390912307707817,2.6400241074135424,-1.17170799098483
76066,2.799417169773078,3.200582830226922,55.988343395461555,64.01165660453844,2.98828125,-0.823836449584769,-36.881242623280265,-21.54376623867072,341.59157509157507,377.3095238095238,2.6369054677673143,2.6409424416674048,-1.1548240099666465
76100,2.748338915349677,3.251661084650323,54.96677830699353,65.03322169300647,1.669921875,-1.4849197985296618,-39.60931866969933,-18.179941169395196,336.8534798534798,384.5989010989011,2.6369054677673143,2.642576690290141,-1.0215650884680243
76133,2.7016684758185443,3.2983315241814557,54.03336951637088,65.96663048362912,0.439453125,-2.034831665739463,-36.909535177498164,-14.8107242291432,329.74633699633694,391.70604395604397,2.6358637525134427,2.6423114910434076,-0.933408790622647
76166,2.655882850235047,3.344117149764953,53.11765700470094,66.88234299529907,-0.52734375,-2.472507270492234,-28.993907121015724,-11.440758706889731,323.00366300366295,396.6263736263736,2.634431928955828,2.6423114910434076,-0.915712511669947
76200,2.61406378428143,3.38593621571857,52.2812756856286,67.7187243143714,-1.40625,-2.7972919259527975,-26.409107734723325,-8.077302421115713,318.6300366300366,403.1868131868132,2.6290055408384396,2.6423185040632675,-0.8363813190723408
76233,2.580625294922356,3.4193747050776437,51.61250589844712,68.38749410155287,-2.373046875,-3.0102617779101046,-29.02735686901214,-4.711220287142642,313.709706959707,408.47161172161174,2.6290055408384396,2.6420416570889804,-0.66876978718148
76266,2.5513939992345565,3.4486060007654435,51.027879984691126,68.97212001530887,-3.1640625,-3.1112694346226735,-23.670126497567928,-1.3338284730748702,309.1538461538462,412.1163003663004,2.628057338873487,2.640363245643478,-0.5846259137559918
76300,2.5274785090829157,3.4725214909170847,50.54957018165831,69.45042981834169,-3.8671875,-3.1134829106565878,-21.170081904960146,0.6583318370083799,304.9624542124542,414.8498168498168,2.6250173072625826,2.640363245643478,-0.478309803032812
76333,2.5042168859208744,3.4957831140791256,50.084337718417494,69.91566228158251,-4.306640625,-3.0731204363524713,-13.151002935624781,1.757429880751663,304.051282051282,418.49450549450546,2.620208653126572,2.6369268793498555,-0.46523246324081635
76366,2.488134110203742,3.5118658897962574,49.76268220407484,70.23731779592515,-4.833984375,-2.996246932438301,-15.817071739501143,2.854035510759123,300.58882783882785,422.1391941391941,2.620208653126572,2.6353506937629803,-0.32165551434265116
76400,2.4744121734891706,3.5255878265108294,49.48824346978341,70.51175653021659,-5.185546875,-2.882888205073727,-10.550785754209738,3.9500101186438608,297.85531135531136,423.77930402930394,2.619150573069472,2.6347733361884806,-0.2744387342914322
76433,2.466170931087079,3.533829068912921,49.32341862174158,70.67658137825842,-5.537109375,-2.7333082835958145,-10.569506744669813,5.044043507257506,297.30860805860806,424.8727106227106,2.6163285106656917,2.6347733361884806,-0.16482484804182942
76466,2.4618779449572177,3.5381220550427823,49.237558899144354,70.76244110085564,-5.80078125,-2.5460896875163637,-7.878956605857805,6.144766025951999,295.3040293040293,424.3260073260073,2.6139701156002633,2.6338170687757274,-0.08585972259722574
76500,2.4593312598702797,3.54066874012972,49.1866251974056,70.8133748025944,-5.888671875,-2.32288911541494,-2.635604785378723,7.241610414761255,295.48626373626377,425.4194139194139,2.6139701156002633,2.632633908953882,-0.05093370173875565
76533,2.4595491972056247,3.5404508027943757,49.190983944112496,70.80901605588751,-5.888671875,-2.063686735651737,0.0,8.33618588693515,294.9395604395604,425.7838827838828,2.613564472275659,2.632739401633843,0.0043587467068962465
76566,2.464260226563596,3.535739773436404,49.285204531271916,70.71479546872808,-5.888671875,-1.7670997943056388,0.0,9.434104740130346,294.9395604395604,424.3260073260073,2.612520468589398,2.632739401633843,0.0942205871594194
76600,2.4738720324195143,3.526127967580486,49.477440648390285,70.52255935160971,-5.888671875,-1.4342856786404485,0.0,10.530707311192401,295.8507326007326,424.6904761904761,2.612452097117796,2.6334841336134374,0.19223611711836974
76633,2.4887867080964834,3.5112132919035166,49.77573416192966,70.22426583807034,-5.888671875,-1.066705272396352,0.0,11.6222324322995,297.1263736263736,425.054945054945,2.612728759572444,2.632256744571254,0.298293513539379
76666,2.5094808153856873,3.4905191846143135,50.18961630771374,69.81038369228627,-5.888671875,-0.6602962415063685,0.0,12.72049664550458,296.21520146520146,424.14377289377285,2.612728759572444,2.630844260995225,0.4138821457840778
76700,2.5364203487511174,3.463579651248882,50.728406975022345,69.27159302497765,-5.888671875,-0.2167925140173539,0.0,13.819767665287499,296.57967032967036,424.3260073260073,2.612882048915998,2.630844260995225,0.5387906673086054
76733,2.570037033129594,3.429962966870406,51.40074066259187,68.59925933740813,-5.888671875,0.26031433217905153,0.0,14.91212362391913,297.85531135531136,423.59706959706955,2.6127777474835945,2.6306320583684775,0.6723336875695267
76766,2.610684359144557,3.389315640855443,52.21368718289115,67.78631281710885,-5.888671875,0.7742230334751077,0.0,15.713558333108665,297.6730769230769,423.05036630036625,2.613849648937013,2.6288888180598193,0.8129465202992762
76800,2.65828172665914,3.34171827334086,53.165634533182796,66.8343654668172,-5.888671875,1.3000032836202227,0.0,15.713558333108665,302.2289377289377,419.4056776556776,2.613849648937013,2.6260721410125134,0.9519473502916437
76833,2.6867944840523643,3.3132055159476357,53.73588968104728,66.26411031895272,-4.74609375,1.8228643003708473,34.33793578434718,15.713558333108665,313.34523809523813,410.65842490842493,2.6293869377723436,2.6260721410125134,0.5702551478644894
76866,2.6868808262516692,3.3131191737483308,53.73761652503339,66.26238347496661,-2.4609375,2.3452158050001044,68.74285938953841,15.713558333108665,318.6300366300366,402.6401098901099,2.6310467628169474,2.616117773954799,0.0017268439861021223
76900,2.707426338503753,3.2925736614962475,54.14852677007506,65.85147322992495,-1.58203125,2.871195381675573,26.257187999582857,15.713558333108665,323.00366300366295,398.8131868131868,2.62701608226769,2.639388909837183,0.41091024504166823
76933,2.74506791436018,3.25493208563982,54.90135828720361,65.0986417127964,-1.494140625,3.3935489290601026,2.643945790712139,15.713558333108665,327.37728937728934,395.89743589743586,2.62701608226769,2.635806107805118,0.7528315171285452
76966,2.7801370190045747,3.2198629809954253,55.60274038009149,64.39725961990851,-1.0546875,3.917055663073024,13.190608383241809,15.713558333108665,329.1996336996337,391.34157509157507,2.639562785877093,2.635806107805118,0.7013820928878821
77000,2.8139266601538897,3.1860733398461103,56.27853320307779,63.72146679692221,-0.439453125,4.441050397337645,18.449653418108582,15.713558333108665,332.8443223443224,386.42124542124543,2.6396170527227407,2.635408323532107,0.6757928229863035
77033,2.8469926371038605,3.1530073628961395,56.93985274207721,63.06014725792279,0.263671875,4.9643519907936575,21.113246818148113,15.713558333108665,338.3113553113553,383.50549450549454,2.6406081545799607,2.6347733361884806,0.6613195389994113
77066,2.8765904804876494,3.1234095195123506,57.53180960975299,62.46819039024701,1.142578125,5.488454677248576,26.351218922623787,15.713558333108665,341.2271062271062,378.94963369963375,2.6406081545799607,2.6352450440957362,0.5919568676757825
77100,2.907247355663868,3.092752644336132,58.14494711327737,61.85505288672263,1.93359375,6.0138237507237085,23.658930061528007,15.713558333108665,345.2362637362637,375.6694139194139,2.6420416570889804,2.6352450440957362,0.613137503524376
77133,2.941461789324968,3.058538210675032,58.82923578649936,61.17076421350064,2.548828125,6.536929804698355,18.48099666719723,15.713558333108665,349.9743589743589,372.0247252747253,2.642883143763476,2.6362383436145533,0.6842886732219894
77166,2.976646688392242,3.023353311607758,59.53293376784484,60.46706623215516,3.1640625,7.061440163686785,18.431516316933966,15.713558333108665,352.525641025641,367.4688644688645,2.646425764841253,2.6356394437182473,0.7036979813454802
77200,3.0106438918448974,2.9893561081551026,60.21287783689795,59.78712216310205,3.8671875,7.583272240879874,21.17270322360584,15.713558333108665,357.6282051282052,363.8241758241759,2.646425764841253,2.6357299789291044,0.6799440690531151
77233,3.046839590183577,2.953160409816423,60.93679180367154,59.06320819632846,4.482421875,8.107630131230724,18.436875687381306,15.713558333108665,361.8195970695971,359.2683150183151,2.646835713879621,2.635692279616948,0.7239139667735873
77266,3.0852018307495195,2.9147981692504805,61.704036614990386,58.295963385009614,5.009765625,8.61600921790119,15.799327674918894,14.684370190348606,364.5531135531136,354.5302197802197,2.6474041466352527,2.635692279616948,0.7672448113188448
77300,3.1180169337139976,2.8819830662860024,62.36033867427995,57.63966132572005,5.80078125,9.087099663281684,23.73652393897859,13.588268884759847,370.20238095238096,350.3388278388278,2.6490655173430806,2.635406868211642,0.6563020592895683
77333,3.1488255557720897,2.8511744442279103,62.976511115441795,57.023488884558205,6.591796875,9.521518119985293,23.74477141277994,12.492548297378237,375.30494505494505,346.51190476190476,2.6490655173430806,2.635175778616103,0.6161724411618466
77366,3.1812516262059547,2.8187483737940453,63.62503252411909,56.37496747588091,7.20703125,9.92024703337419,18.42871442461024,11.39448264974377,372.38919413919416,341.59157509157507,2.649122277546074,2.6348623719064697,0.6485214086772956
77400,3.2121922816455264,2.7878077183544736,64.24384563291053,55.75615436708947,7.822265625,10.280544707530563,18.524224911791098,10.302078603901633,382.0476190476191,338.4935897435897,2.6472292022067907,2.6348623719064697,0.6188131087914377
77433,3.2413891425419923,2.7586108574580077,64.82778285083984,55.17221714916016,8.4375,10.606780080007267,18.390745302316176,9.20174591443843,386.42124542124543,333.93772893772893,2.6464754106202126,2.6334182809927587,0.5839372179293058
77466,3.266296586926793,2.7337034130732074,65.32593173853586,54.67406826146415,9.140625,10.895006136866572,21.111391946737594,8.106281123768117,389.3369963369964,330.83974358974353,2.6464754106202126,2.632497184763667,0.49814888769601195
77500,3.287795918369345,2.7122040816306554,65.7559183673869,54.24408163261311,9.84375,11.146418708392835,21.141131927035996,7.012357362282269,393.34615384615387,328.10622710622704,2.6454479253071606,2.6317528713692178,0.4299866288510337
77533,3.3094876238172923,2.6905123761827077,66.18975247634584,53.81024752365415,10.37109375,11.362025325957285,15.809537825336182,5.915229153260763,395.89743589743586,326.28388278388275,2.6424092375249884,2.6317528713692178,0.4338341089589524
77566,3.330313408810994,2.669686591189006,66.60626817621987,53.39373182378013,10.810546875,11.541330283194439,13.150536195071773,4.816092100185759,399.17765567765565,322.0924908424908,2.6423561995233684,2.6296879083770417,0.4165156998740293
77600,3.348528359755985,2.6514716402440155,66.9705671951197,53.02943280488031,11.25,11.683630574106418,13.179670821124025,3.7193847699358633,400.27106227106225,320.2701465201465,2.6423561995233684,2.6270570717621164,0.36429901889982197
77633,3.3677461173113272,2.6322538826886723,67.35492234622654,52.64507765377345,11.513671875,11.78904976949933,7.9362144135176225,2.626603689687752,403.55128205128204,319.7234432234432,2.6428265839612064,2.6244220822432656,0.3843551511068515
77666,3.3850131254555413,2.614986874544458,67.70026250911083,52.299737490889164,11.77734375,11.858444537692822,7.892451823249962,1.5277632844366962,405.0091575091575,316.07875457875457,2.641122749480477,2.6244220822432656,0.3453401628842889
77700,3.395892586501135,2.604107413498865,67.9178517300227,52.082148269977296,12.216796875,11.891080073363076,13.199074812651707,0.43266822626242585,407.742673992674,313.709706959707,2.639967785274372,2.6239285534421595,0.21758922091187918
77733,3.404454088125129,2.595545911874871,68.08908176250257,51.91091823749743,12.568359375,11.884721809892548,10.551190436890987,-0.9128585761891502,409.20054945054943,312.9807692307692,2.639375782310267,2.620990509430791,0.17123003247986507
77766,3.410775961020489,2.589224038979511,68.21551922040979,51.78448077959021,12.83203125,11.828894323985784,7.885807635577084,-2.426479869662386,410.4761904761905,311.34065934065933,2.639375782310267,2.620508049185225,0.1264374579072196
77800,3.4150004977515263,2.5849995022484737,68.30000995503052,51.69999004496948,13.0078125,11.722881254313581,5.274199886026225,-3.9352238954709358,411.0228937728937,309.8827838827839,2.6381855227836546,2.620508049185225,0.08449073462073362
77833,3.4173205283949875,2.5826794716050125,68.34641056789975,51.653589432100254,13.095703125,11.566555862593335,2.6366912493157315,-5.444201780353608,411.20512820512823,309.7005494505495,2.637369589478502,2.6205716864775885,0.046400612869229516
77866,3.41794171011434,2.58205828988566,68.3588342022868,51.6411657977132,13.095703125,11.36064635675422,0.0,-6.9485186924297375,411.0228937728937,309.33608058608064,2.6371911226586247,2.6189054715039206,0.012423634387045926
77900,3.4150489607332357,2.5849510392667643,68.30097921466471,51.69902078533529,13.095703125,11.103600926003562,0.0,-8.458972840344073,411.20512820512823,310.06501831501834,2.6371911226586247,2.618253668791573,-0.057854987622095816
77933,3.408129920735628,2.591870079264372,68.16259841471256,51.837401585287445,13.095703125,10.795687152259621,0.0,-9.971561324585114,410.84065934065933,310.97619047619054,2.637052440953191,2.618253668791573,-0.13838079995215025
77966,3.39465447517747,2.60534552482253,67.8930895035494,52.1069104964506,13.18359375,10.438264698357196,2.637492696058098,-11.480080681028277,410.65842490842493,310.06501831501834,2.6366412673897095,2.619116400963647,-0.26950891116316233
78000,3.3773774014357003,2.6226225985642992,67.547548028714,52.45245197128599,13.18359375,10.030962658814216,0.0,-12.987241971738662,409.7472527472528,310.4294871794872,2.6364909792719797,2.618201356391597,-0.3455414748353936
78033,3.3544216747698785,2.6455783252301215,67.08843349539757,52.91156650460243,13.18359375,9.57415312623725,0.0,-14.49230663487287,410.65842490842493,311.8873626373627,2.6364909792719797,2.618322268143757,-0.45911453331643876
78066,3.3256205525900406,2.6743794474099594,66.51241105180081,53.48758894819919,13.18359375,9.07199499313633,0.0,-15.219823463804712,409.3827838827839,311.34065934065933,2.636291197523325,2.618322268143757,-0.5760224435967566
78100,3.2910771323715204,2.70892286762848,65.8215426474304,54.1784573525696,13.18359375,8.563575451023342,0.0,-15.219823463804712,409.9294871794872,311.15842490842493,2.63547279543833,2.6190836713458587,-0.6908684043704103
78133,3.2505999885251464,2.749400011474854,65.01199977050292,54.98800022949708,13.18359375,8.056876859977214,0.0,-15.219823463804712,406.46703296703294,315.5320512820513,2.631802250067084,2.618514966040231,-0.8095428769274863
78166,3.2261298295699974,2.7738701704300026,64.52259659139995,55.477403408600054,12.216796875,7.54964107002015,-29.009147331862472,-15.219823463804712,397.7197802197802,322.82142857142856,2.631802250067084,2.6325730283231144,-0.4894031791029796
78200,3.225465135869431,2.7745348641305685,64.50930271738862,55.49069728261137,10.283203125,7.041715319814613,-57.93948330795869,-15.219823463804712,390.6126373626374,330.11080586080584,2.62589004309486,2.6325730283231144,-0.013293874011319706
78233,3.208576253868896,2.791423746131104,64.17152507737792,55.828474922622085,9.4921875,6.533945146646472,-23.709778174829054,-15.219823463804712,387.3324175824176,334.48443223443223,2.643484514489722,2.6271736725662134,-0.3377776400107054
78266,3.1766001913357518,2.8233998086642482,63.532003826715034,56.467996173284966,9.404296875,6.02680518068121,-2.6376935094779888,-15.219823463804712,384.7811355311356,336.489010989011,2.639670008274116,2.6303721378822984,-0.639521250662889
78300,3.145934085222708,2.854065914777292,62.91868170445416,57.08131829554584,9.052734375,5.519279377016661,-10.542752994743134,-15.219823463804712,381.5009157509158,338.6758241758242,2.639670008274116,2.637805707478989,-0.6133221222608772
78333,3.116654649437162,2.883345350562838,62.33309298874324,57.66690701125676,8.525390625,5.014283427651889,-15.893352787951434,-15.219823463804712,378.76739926739936,342.68498168498166,2.639000522321756,2.637888193008869,-0.5855887157109182
78366,3.0899981896149393,2.9100018103850607,61.79996379229878,58.20003620770122,7.822265625,4.504903910344056,-21.00877245623618,-15.219823463804712,376.3983516483516,345.60073260073256,2.639119377590732,2.637888193008869,-0.5331291964444563
78400,3.0619083920162042,2.9380916079837958,61.23816784032408,58.76183215967592,7.20703125,4.002498030027388,-18.46307495227923,-14.563658726300696,371.1135531135531,349.7921245421245,2.64081660213502,2.6388135785022278,-0.5617959519746996
78433,3.0324709974673043,2.9675290025326957,60.64941994934608,59.35058005065392,6.6796875,3.543061120427786,-15.851965387271395,-13.057709645308174,368.92673992673997,353.25457875457874,2.64081660213502,2.6388287432511097,-0.5887478909779976
78466,3.0054319697896084,2.9945680302103916,60.108639395792174,59.891360604207826,6.064453125,3.133688478293732,-18.492333113216425,-11.55162810757821,363.8241758241759,356.35256410256414,2.642507135551054,2.640938937892802,-0.5407805535539069
78500,2.977872650599516,3.022127349400484,59.557453011990326,60.442546988009674,5.537109375,2.772461354009292,-15.758052593249696,-10.036704066957048,360.17948717948724,360.17948717948724,2.6418825810729794,2.640938937892802,-0.5511863838018463
78533,2.9516853570596737,3.0483146429403263,59.033707141193474,60.966292858806526,5.009765625,2.4634072669204614,-15.840000194334987,-8.52961742465863,360.36172161172163,363.09523809523813,2.641796548700107,2.6413346165043885,-0.5237458707968502
78566,2.925276034825895,3.074723965174105,58.50552069651789,61.49447930348211,4.5703125,2.2038429928764653,-13.161483772925077,-7.018120372682684,353.801282051282,365.4642857142857,2.641796548700107,2.6412534294357193,-0.5281864446755868
78600,2.9004943206728178,3.0995056793271822,58.00988641345635,61.99011358654365,4.130859375,1.9955479823565876,-13.219066454580203,-5.513207450824067,350.3388278388278,369.10897435897436,2.642613076111117,2.6419602913446054,-0.4956342830615421
78633,2.877768784167432,3.122231215832568,57.55537568334864,62.44462431665136,3.69140625,1.8366782798716026,-13.159382328344412,-4.001469025263153,348.33424908424905,371.8424908424908,2.641551474418571,2.6419602913446054,-0.45451073010770415
78666,2.8576500290999904,3.1423499709000096,57.15300058199981,62.84699941800019,3.251953125,1.7283384969498203,-13.166653928665097,-2.490565493493755,344.6895604395604,374.5760073260073,2.6412122532524664,2.6431165634980758,-0.402375101348834
78700,2.838680255275147,3.161319744724853,56.773605105502945,63.226394894497055,2.900390625,1.6705565260606101,-10.57510015353511,-0.9856307971916785,342.68498168498166,379.3141025641026,2.6412122532524664,2.6425236472468403,-0.37939547649686806
78733,2.8224315192630955,3.1775684807369045,56.44863038526191,63.55136961473809,2.548828125,1.6605394988196343,-10.52729528362168,0.12268490207480502,340.315934065934,380.9542124542125,2.641114427174958,2.6425483420187255,-0.32497472024103474
78766,2.810873990809264,3.189126009190736,56.21747981618528,63.78252018381472,2.109375,1.6704946889144046,-13.182460453283035,0.4745751571373187,338.6758241758242,382.41208791208794,2.641041572179816,2.6425483420187255,-0.2311505690766275
78800,2.800948151945191,3.199051848054809,56.01896303890382,63.98103696109618,1.7578125,1.6921694682314083,-10.550217097412801,0.8263237005787476,336.489010989011,383.32326007326014,2.6398818464161975,2.643332325203747,-0.19851677728145847
78833,2.7922020922657165,3.207797907734283,55.84404184531433,64.15595815468566,1.494140625,1.7255855571116603,-7.908619368506118,1.1782520831530754,336.67124542124543,387.3324175824176,2.6403067667132296,2.642507135551054,-0.1749211935894905
78866,2.782145848491151,3.217854151508849,55.64291696982302,64.35708303017698,1.40625,1.7707035618822844,-2.637825476050615,1.5299644624119568,334.8489010989011,386.0567765567766,2.6403067667132296,2.6424952998289473,-0.20112487549130725
78900,2.775582975934857,3.224417024065143,55.51165951869714,64.48834048130286,1.23046875,1.8273481697754055,-5.291880284933137,1.8805981972275112,335.03113553113553,386.96794871794873,2.6390038764094323,2.6424952998289473,-0.13125745112588338
78933,2.7713684002966086,3.2286315997033914,55.427368005932166,64.57263199406783,1.0546875,1.8959681059670919,-5.268552971477158,2.2327844158245833,334.48443223443223,388.2435897435897,2.638568919180319,2.643267564681368,-0.08429151276496978
78966,2.7697087627029218,3.2302912372970782,55.39417525405844,64.60582474594156,0.87890625,1.9763371250138393,-5.268634928925067,2.584965155908899,332.29761904761904,388.2435897435897,2.638658293164258,2.6425483420187255,-0.033192751873730206
79000,2.766778211837492,3.2332217881625076,55.33556423674984,64.66443576325015,0.87890625,2.068478070311123,0.0,2.9372244839632162,332.11538461538464,388.6080586080586,2.638658293164258,2.6422701440147125,-0.05861101730859758
79033,2.767354026430849,3.232645973569151,55.347080528616985,64.65291947138302,0.791015625,2.1719149896788337,-2.6447989281295685,3.288009515061052,332.11538461538464,389.15476190476187,2.6383690469812375,2.6422701440147125,0.011516291867141898
79066,2.7682738659580024,3.2317261340419976,55.36547731916005,64.63452268083995,0.791015625,2.2874502690714555,0.0,3.640074341915082,332.6620879120879,388.2435897435897,2.6379856941457125,2.6432757509816813,0.018396790543067677
79100,2.7710052179774918,3.2289947820225082,55.42010435954984,64.57989564045016,0.791015625,2.415004167341126,0.0,3.9928696618545283,332.4798534798535,388.7902930402931,2.638250096628306,2.642601385805574,0.05462704038978575
79133,2.7755256575935983,3.2244743424064017,55.51051315187197,64.48948684812804,0.791015625,2.550552591712445,0.0,4.069679759622478,332.29761904761904,388.7902930402931,2.638250096628306,2.6425401590973854,0.09040879232212687
79166,2.7818518513393915,3.2181481486606085,55.63703702678784,64.36296297321216,0.791015625,2.686111801288903,0.0,4.069679759622478,331.38644688644683,387.3324175824176,2.6386499825044445,2.6425401590973854,0.12652387491586564
79200,2.790037984875284,3.209962015124716,55.800759697505676,64.19924030249432,0.791015625,2.821511536404094,0.0,4.069679759622478,333.2087912087912,388.0613553113553,2.638026940648275,2.643156614825966,0.16372267071784108
79233,2.8001417483967224,3.1998582516032776,56.002834967934454,63.997165032065546,0.791015625,2.9570060095826283,0.0,4.069679759622478,333.2087912087912,388.4258241758242,2.6384384384022117,2.6425118114137995,0.20207527042877904
79266,2.8122210778720516,3.1877789221279484,56.244421557441036,63.755578442558964,0.791015625,3.092603726472592,0.0,4.069679759622478,332.6620879120879,387.51465201465203,2.6384384384022117,2.642384544702983,0.24158658950658018
79300,2.826332810322263,3.173667189677737,56.52665620644526,63.47334379355474,0.791015625,3.228224962035605,0.0,4.069679759622478,333.5732600732601,387.6968864468864,2.6392500547356956,2.642384544702983,0.2822346490042233
79333,2.842543671491526,3.157456328508474,56.850873429830514,63.149126570169486,0.791015625,3.364492894135226,0.0,4.069679759622478,333.93772893772893,387.87912087912093,2.638630007921269,2.642715661869279,0.3242172233852538
79366,2.8608940792065907,3.1391059207934093,57.21788158413182,62.78211841586818,0.791015625,3.499737533740471,0.0,4.069679759622478,333.0265567765568,386.42124542124543,2.6390218135955434,2.6421805864640704,0.3670081543013018
79400,2.8814444912326143,3.1185555087673857,57.62888982465228,62.37111017534772,0.791015625,3.6352390108396797,0.0,4.069679759622478,335.9423076923077,385.32783882783883,2.6390218135955434,2.642147569657801,0.41100824052046864
79433,2.8942151983204276,3.1057848016795724,57.884303966408545,62.115696033591455,1.23046875,3.771394880238115,13.135192012044818,4.069679759622478,340.8626373626373,382.2298534798535,2.644170918408277,2.6349035451778833,0.25541414175625937
79466,2.8874320303156655,3.1125679696843345,57.74864060631331,62.25135939368669,2.4609375,3.9066752394168467,37.01656173241624,4.069679759622478,344.50732600732596,376.0338827838828,2.647802451644157,2.6349035451778833,-0.13566336009523564
79500,2.8907135978109295,3.1092864021890705,57.81427195621859,62.18572804378141,2.900390625,4.041906566718889,13.199177490145829,3.994953316563214,346.69413919413915,374.21153846153845,2.6420038222807007,2.640305453271296,0.06563134990528191
79533,2.9019068980664118,3.0980931019335882,58.03813796132823,61.96186203867177,2.900390625,4.169636465846747,0.0,3.6418497250507698,349.2454212454212,373.11813186813185,2.6420038222807007,2.6418047281676778,0.22386600510964488
79566,2.912355480529518,3.087644519470482,58.24710961059036,61.75289038940964,2.98828125,4.285248927772292,2.6347533032340786,3.28972724242112,349.2454212454212,371.8424908424908,2.647257625833533,2.6406941289072785,0.20897164926212475
79600,2.921272621951133,3.078727378048867,58.425452439022656,61.574547560977344,3.1640625,4.388868098583839,5.282826826481494,2.938492608114789,351.06776556776555,371.29578754578756,2.6477326904851157,2.6406941289072785,0.17834282843229934
79633,2.927840403243911,3.072159596756089,58.55680806487822,61.44319193512178,3.427734375,4.480747886059642,7.929063577909308,2.5874716337706487,351.79670329670324,370.56684981684987,2.647711440259712,2.6409142656773947,0.1313556258555603
79666,2.9352509801359785,3.0647490198640215,58.705019602719574,61.294980397280426,3.603515625,4.561292251273875,5.262162527676656,2.234857715302009,352.525641025641,367.6510989010989,2.647711440259712,2.6403267603392067,0.1482115378413583
79700,2.942034971235321,3.057965028764679,58.840699424706415,61.159300575293585,3.779296875,4.630002488196455,5.266781499093827,1.8825530395105121,353.43681318681314,367.4688644688645,2.6481867736730362,2.640513864984166,0.13567982198684275
79733,2.9480522473916424,3.0519477526083576,58.961044947832846,61.038955052167154,3.955078125,4.686879060174089,5.274560401670316,1.530767941378862,354.3479853479853,366.7399267399268,2.6474419509761735,2.640513864984166,0.12034552312642932
79766,2.953159012173986,3.046840987826014,59.06318024347972,60.93681975652028,4.130859375,4.731962620884732,5.283882520139666,1.179603482019561,354.5302197802197,364.9175824175824,2.647777683185895,2.6410931105718145,0.10213529564687757
79800,2.957291418663973,3.042708581336027,59.14582837327946,60.85417162672054,4.306640625,4.7661294625927235,5.140234892062175,0.8186254746976995,355.07692307692304,366.0109890109891,2.647777683185895,2.6403219443355446,0.08264812979973307
79833,2.9621286186999796,3.0378713813000204,59.242572373999586,60.757427626000414,4.39453125,4.787163353871945,2.703741667224641,0.4754877091715339,356.35256410256414,364.735347985348,2.648154816936078,2.6403267603392067,0.09674400072013241
79866,2.9663676557469874,3.0336323442530126,59.327353114939754,60.672646885060246,4.482421875,4.797140432392759,2.641947216270371,0.12432404150327381,356.5347985347986,363.2774725274726,2.648085041851111,2.6403267603392067,0.0847807409401676
79900,2.969876034685991,3.030123965314009,59.39752069371982,60.60247930628018,4.5703125,4.795815015531468,2.637557203118422,-0.1910005851827693,357.2637362637363,363.459706959707,2.6483889354264325,2.641187431195839,0.0701675787800643
79933,2.972549003056539,3.027450996943461,59.450980061130785,60.549019938869215,4.658203125,4.7844762125907065,2.6291063302798436,-0.48736342893936996,358.9038461538462,363.64194139194143,2.648946136203066,2.640268969164902,0.05345936741096678
79966,2.974260448667748,3.025739551332252,59.485208973354965,60.514791026645035,4.74609375,4.76328346338106,2.6344798109111816,-0.7831217890350296,357.81043956043965,362.54853479853483,2.648946136203066,2.6400970662318777,0.034228912224177954
80000,2.976903427856186,3.023096572143814,59.53806855712372,60.46193144287628,4.74609375,4.732297984697308,0.0,-1.0782697700622632,358.35714285714295,362.36630036630044,2.6483723687267355,2.6400970662318777,0.052859583768760925
80033,2.977054146787882,3.022945853212118,59.54108293575764,60.45891706424236,4.833984375,4.691495456694037,2.6404625826444112,-1.3733579995647924,359.08608058608064,362.54853479853483,2.6482943753796153,2.640983757535471,0.003014378633922614
80066,2.9779159266954798,3.0220840733045202,59.55831853390959,60.44168146609041,4.833984375,4.640738335376923,0.0,-1.6691488684005757,357.99267399267404,362.00183150183153,2.6483723687267355,2.640257294410568,0.017235598151952247
80100,2.9760570071984667,3.0239429928015333,59.52114014396933,60.47885985603067,4.921875,4.580020529685082,2.6305183813297783,-1.9653526258464098,358.17490842490844,361.6373626373627,2.6483723687267355,2.6400737190809593,-0.037178389940256684
80133,2.974669441486605,3.025330558513395,59.493388829732105,60.506611170267895,4.921875,4.509905535057608,0.0,-2.2595973477218663,358.53937728937734,363.09523809523813,2.6481263788584273,2.6400737190809593,-0.027751314237230724
80166,2.9723260373151756,3.0276739626848244,59.44652074630351,60.55347925369649,4.921875,4.429564502449123,0.0,-2.555437631260412,357.99267399267404,361.6373626373627,2.648076833198889,2.6407966029448735,-0.046868083428590876
80200,2.9689158939170683,3.0310841060829317,59.37831787834136,60.62168212165864,4.921875,4.339415374915507,0.0,-2.851077791427314,359.2683150183151,362.91300366300374,2.6481263788584273,2.6400770752148444,-0.06820286796214782
80233,2.9643221558145694,3.0356778441854306,59.286443116291395,60.713556883708605,4.921875,4.239305507889989,0.0,-3.1470042714705277,358.9038461538462,362.36630036630044,2.6481263788584273,2.6400241074135424,-0.09187476204996754
80266,2.9584301863613813,3.0415698136386187,59.16860372722763,60.83139627277237,4.921875,4.129759711165018,0.0,-3.441791730761044,357.99267399267404,362.00183150183153,2.6486881890386647,2.6400241074135424,-0.11783938906376704
80300,2.9511106845670216,3.0488893154329784,59.02221369134044,60.97778630865956,4.921875,4.009903342630169,0.0,-3.7377848595316125,359.08608058608064,362.184065934066,2.648085041851111,2.640710623613105,-0.14639003588718963
80333,2.9422392365083043,3.0577607634916957,58.84478473016608,61.15521526983392,4.921875,3.880478993205688,0.0,-4.0330863418180245,358.35714285714295,362.7307692307692,2.648199820397071,2.640045411075875,-0.17742896117435464
80366,2.9316818745601188,3.0683181254398812,58.63363749120237,61.36636250879763,4.921875,3.7410392793004963,0.0,-4.328754090505267,357.6282051282052,362.54853479853483,2.648199820397071,2.640045411075875,-0.21114723896371224
80400,2.919307605933095,3.080692394066905,58.386152118661904,61.613847881338096,4.921875,3.59215615517445,0.0,-4.62362133677228,357.81043956043965,361.8195970695971,2.6490040658466603,2.640045411075875,-0.2474853725404705
80433,2.904968069523037,3.095031930476963,58.09936139046074,61.90063860953926,4.921875,3.4327649805914535,0.0,-4.919750892325457,359.2683150183151,363.2774725274726,2.647892295181578,2.640432715753597,-0.2867907282011592
80466,2.8885684323453322,3.1114315676546678,57.77136864690665,62.22863135309335,4.921875,3.264053361970404,0.0,-5.125767055833991,357.44597069597074,362.7307692307692,2.6477492511829737,2.639967785274372,-0.3279927435540883
80500,2.872152115090879,3.127847884909121,57.443042301817584,62.556957698182416,4.833984375,3.093825043925876,-2.646486056590293,-5.125767055833991,352.525641025641,368.1978021978022,2.6477492511829737,2.6414819601520487,-0.32832634508906633
80533,2.8744288871912818,3.1255711128087182,57.48857774382563,62.51142225617437,3.8671875,2.9223148125562095,-28.89376063447305,-5.125767055833991,350.52106227106225,371.6602564102564,2.639212134028893,2.646679719900521,0.04553544200804327
80566,2.878625773193816,3.121374226806184,57.57251546387632,62.42748453612368,3.076171875,2.7512751060927507,-23.705383475626817,-5.125767055833991,346.69413919413915,374.029304029304,2.6437911258985918,2.646679719900521,0.0839377200506932
80600,2.8694861148868336,3.1305138851131664,57.389722297736675,62.610277702263325,3.076171875,2.580871466310524,0.0,-5.125767055833991,344.6895604395604,376.0338827838828,2.64437978797665,2.642038151126634,-0.18279316613964924
80633,2.860798421893082,3.139201578106918,57.21596843786165,62.78403156213835,2.98828125,2.4098254961746837,-2.633835043198494,-5.125767055833991,345.4184981684981,376.5805860805861,2.64437978797665,2.642450587818604,-0.17375385987502937
80666,2.8491995828076555,3.1508004171923445,56.983991656153115,63.016008343846885,2.98828125,2.2389078547376635,0.0,-5.125767055833991,343.4139194139194,376.2161172161172,2.6430423101599083,2.6441296739825613,-0.23197678170853103
80700,2.8399745647063583,3.1600254352936417,56.799491294127165,63.200508705872835,2.8125,2.068460553671867,-5.286171940824718,-5.125767055833991,343.23168498168496,378.4029304029304,2.640808281276485,2.6441296739825613,-0.1845003620259505
80733,2.8324908542203535,3.1675091457796465,56.649817084407076,63.350182915592924,2.548828125,1.8977412999134597,-7.916626746374955,-5.125767055833991,342.13827838827837,380.2252747252748,2.64051868151294,2.644698405611257,-0.14967420972008633
80766,2.8254633592174603,3.1745366407825397,56.509267184349206,63.490732815650794,2.28515625,1.7267579768880559,-7.9044001865852955,-5.125767055833991,340.1336996336996,380.2252747252748,2.64051868151294,2.6442039731481826,-0.14054990005787135
80800,2.816930610445019,3.183069389554981,56.33861220890038,63.66138779109962,2.109375,1.5560578986381923,-5.278344037806791,-5.125767055833991,339.5869963369963,381.13644688644695,2.6415631577579197,2.6442984604688156,-0.17065497544882932
80833,2.8081960181617402,3.1918039818382598,56.16392036323481,63.83607963676519,1.93359375,1.3848822670902194,-5.263679953363001,-5.125767055833991,339.040293040293,382.41208791208794,2.64051868151294,2.6442984604688156,-0.17469184566557353
80866,2.7992714645587706,3.200728535441229,55.985429291175414,64.01457070882458,1.7578125,1.2138133232436652,-5.266962664430256,-5.125767055833991,337.9468864468864,382.41208791208794,2.640015936214218,2.644845884505234,-0.17849107205939427
80900,2.792186442834406,3.207813557165594,55.84372885668812,64.15627114331188,1.494140625,1.0432597086558175,-7.924315258231315,-5.125767055833991,336.3067765567765,383.50549450549454,2.640015936214218,2.6440400218752553,-0.14170043448729655
80933,2.7836157836951463,3.2163842163048537,55.67231567390293,64.32768432609707,1.318359375,0.8719376083177843,-5.259179863575915,-5.125767055833991,335.7600732600732,385.32783882783883,2.640791785655652,2.6440199860570455,-0.17141318278518802
80966,2.7749013946272396,3.2250986053727604,55.4980278925448,64.5019721074552,1.142578125,0.7009222953805062,-5.268614399540795,-5.125767055833991,334.8489010989011,385.87454212454213,2.6397840942427564,2.6440199860570455,-0.17428778135813078
81000,2.766049479045753,3.233950520954247,55.320989580915054,64.67901041908495,0.966796875,0.5302728135619702,-5.279909031551785,-5.125767055833991,333.2087912087912,386.7857142857143,2.6385888930698287,2.64487778136467,-0.17703831162974704
81033,2.7570672778720176,3.2429327221279824,55.14134555744035,64.85865444255964,0.791015625,0.360062625371242,-5.2935358914807775,-5.125767055833991,332.6620879120879,388.9725274725275,2.6385888930698287,2.6439303395282674,-0.17964402347470082
81066,2.750105140769893,3.249894859230107,55.00210281539786,64.99789718460214,0.52734375,0.19307228951773947,-7.879710780886735,-4.842401045988265,330.4752747252747,389.15476190476187,2.6388746757400354,2.6440682479033715,-0.1392427420424927
81100,2.742010022448229,3.257989977551771,54.84020044896458,65.15979955103542,0.3515625,0.03693840953173988,-5.285795213614326,-4.547584694960003,331.2042124542124,390.6126373626374,2.6374966397547137,2.6440682479033715,-0.16190236643327902
81133,2.7341449711247283,3.2658550288752712,54.682899422494565,65.31710057750543,0.17578125,-0.11013950729515842,-5.257970915675397,-4.251208225376534,330.11080586080584,391.88827838827837,2.6369995641501007,2.6447396633447697,-0.1573010264700147
81166,2.726635101857079,3.273364898142921,54.53270203714158,65.46729796285841,0.0,-0.2465563278793812,-5.288074201395517,-3.956518930595235,328.65293040293034,390.7948717948718,2.6364826788492404,2.6440435318230553,-0.15019738535297983
81200,2.7195557955998435,3.2804442044001565,54.39111591199688,65.60888408800312,-0.17578125,-0.3732964276939439,-5.282906370614212,-3.6615413656267206,328.10622710622704,393.34615384615387,2.6364826788492404,2.6439538840967916,-0.14158612514470398
81233,2.713000149245027,3.286999850754973,54.26000298490054,65.73999701509946,-0.3515625,-0.4904688628816577,-5.271268056638282,-3.365912526338618,327.0128205128205,394.257326007326,2.635817753048317,2.6439538840967916,-0.13111292709633726
81266,2.7070676647442578,3.292932335255742,54.14135329488516,65.85864670511484,-0.52734375,-0.5980540622491348,-5.257344872484523,-3.069500764326135,325.91941391941384,394.4395604395604,2.6354233134030567,2.6446534913748474,-0.11864969001537848
81300,2.701878289958204,3.2981217100417957,54.03756579916408,65.96243420083592,-0.703125,-0.6955552904913411,-5.2671907170399175,-2.7736430783458195,325.3727106227106,396.6263736263736,2.6353342492512857,2.6439951244094746,-0.10378749572107811
81333,2.695528992773358,3.304471007226642,53.91057985546716,66.08942014453284,-0.791015625,-0.7830147591995046,-2.6389606790271616,-2.4783869061820676,325.55494505494505,396.808608058608,2.6353342492512857,2.6439455484061343,-0.1269859436969176
81366,2.6914264621656656,3.3085735378343344,53.82852924331331,66.17147075668669,-0.966796875,-0.860657574534492,-5.276697918955434,-2.1830622768220236,323.91483516483515,396.44413919413915,2.6354611524811262,2.6439455484061343,-0.0820506121538528
81400,2.6883640632887733,3.3116359367112267,53.767281265775466,66.23271873422453,-1.142578125,-0.9286038735521261,-5.264844694415864,-1.8870727562169285,322.82142857142856,397.3553113553113,2.6345936781791672,2.6446003857897833,-0.061247977537844805
81433,2.684466472060212,3.315533527939788,53.68932944120424,66.31067055879576,-1.23046875,-0.986398289898601,-2.645836912492428,-1.5925839217383806,323.1858974358974,398.63095238095235,2.634354405157598,2.643827683035063,-0.07795182457122873
81466,2.6811252776207066,3.318874722379293,53.62250555241413,66.37749444758586,-1.318359375,-1.0346530929209927,-2.6310098271997577,-1.2964354921411023,321.54578754578756,396.9908424908425,2.634354405157598,2.643614200073563,-0.06682388879010423
81500,2.6764314222753036,3.3235685777246964,53.52862844550607,66.47137155449393,-1.318359375,-1.0729334399023387,0.0,-1.001008416308654,322.82142857142856,398.44871794871796,2.6344681466872393,2.643614200073563,-0.09387710690805867
81533,2.673775012120018,3.326224987879982,53.47550024240036,66.52449975759964,-1.40625,-1.1014052268199852,-2.6333629766265503,-0.7051246222794827,322.4569597069597,399.72435897435895,2.633699880029635,2.644179255164759,-0.05312820310571606
81566,2.6719446762449217,3.3280553237550783,53.43889352489843,66.56110647510157,-1.494140625,-1.1199732339964326,-2.6388491985561977,-0.40985597676289753,321.18131868131866,399.5421245421245,2.6333291731009996,2.643529252744827,-0.03660671750192215
81600,2.671047250574582,3.328952749425418,53.42094501149164,66.57905498850836,-1.58203125,-1.1286961057687332,-2.64630605214754,-0.1154193495451574,320.4523809523809,399.17765567765565,2.6333291731009996,2.643529252744827,-0.01794851340679652
81633,2.670041289983493,3.329958710016507,53.40082579966986,66.59917420033014,-1.58203125,-1.1123834096584182,0.0,1.6773760254217638,321.36355311355305,400.0888278388278,2.633877992566183,2.643423110890691,-0.020119211821778858
81666,2.6734298243439287,3.3265701756560713,53.46859648687857,66.53140351312143,-1.669921875,-1.0101416115578639,-2.6273234675575754,4.435273088516603,320.63461538461536,399.5421245421245,2.632857979487555,2.643423110890691,0.06777068720870608
81700,2.6786751544190173,3.321324845580983,53.57350308838034,66.42649691161967,-1.669921875,-0.817257281935984,0.0,7.174623729695101,320.99908424908426,398.8131868131868,2.6330046144063632,2.6435658044498216,0.10490660150177425
81733,2.687900643011598,3.3120993569884023,53.758012860231965,66.24198713976804,-1.669921875,-0.5326759023467337,0.0,9.919586616360903,321.18131868131866,400.27106227106225,2.6330046144063632,2.643610690980629,0.18450977185162248
81766,2.701953709177565,3.298046290822435,54.03907418355131,65.9609258164487,-1.669921875,-0.15626694911536554,0.0,12.667363087545015,320.99908424908426,399.5421245421245,2.6338417870038913,2.643496210655921,0.28106132331934375
81800,2.721745032241545,3.278254967758455,54.43490064483089,65.56509935516911,-1.669921875,0.3140885557107862,0.0,15.42777620083015,321.36355311355305,399.90659340659334,2.6328662627987365,2.643496210655921,0.39582646127957916
81833,2.748137171167249,3.251862828832751,54.96274342334498,65.03725657665503,-1.669921875,0.8713248651619165,0.0,18.163032272719416,321.54578754578756,400.27106227106225,2.6331182685279177,2.643811159115472,0.5278427785140898
81866,2.78213672227063,3.21786327772937,55.6427344454126,64.3572655545874,-1.669921875,1.5241633864998159,0.0,20.91742092987886,321.18131868131866,400.81776556776555,2.6331182685279177,2.6433288166720335,0.6799910220676162
81900,2.824706988855133,3.175293011144867,56.49413977710266,63.50586022289734,-1.669921875,2.265792909213542,0.0,23.660547089270484,324.4615384615384,397.1730769230769,2.633902711652002,2.642584873381166,0.8514053316900578
81933,2.8668280097599803,3.1331719902400197,57.3365601951996,62.6634398048004,-1.23046875,3.1003468666931666,13.18257711052528,26.40882901253415,333.2087912087912,391.5238095238095,2.6426379182679636,2.642584873381166,0.8424204180969439
81966,2.879718967323667,3.120281032676333,57.59437934647334,62.40562065352666,0.791015625,4.0263040045591225,60.65316401295943,29.156507872104726,339.7692307692308,380.77197802197804,2.647560204665703,2.628607845289358,0.25781915127373534
82000,2.901241509137892,3.098758490862108,58.024830182757846,61.975169817242154,2.197265625,5.0426029733725075,42.189216679528506,31.433976531237064,346.14743589743586,375.85164835164835,2.647560204665703,2.642846606215902,0.4304508362845044
82033,2.945341391904701,3.054658608095299,58.90682783809402,61.09317216190598,2.548828125,6.09449837346796,10.505804449054743,31.433976531237064,350.3388278388278,371.1135531135531,2.641011934637607,2.6393722816529634,0.8819976553361746
82066,2.9923557733937773,3.0076442266062227,59.84711546787555,60.15288453212445,3.076171875,7.140783406079251,15.843207677379574,31.433976531237064,353.07234432234424,366.1932234432235,2.6490489442945666,2.6393722816529634,0.9402876297815317
82100,3.0371338221250572,2.9628661778749428,60.74267644250115,59.25732355749885,3.955078125,8.188357231707203,26.37286056579043,31.433976531237064,357.0815018315019,361.2728937728938,2.6485521183941936,2.6369631485438676,0.8955609746255995
82133,3.0829441661324015,2.9170558338675985,61.65888332264804,58.34111667735196,4.921875,9.233717853878044,29.071565959805852,31.433976531237064,364.9175824175824,356.35256410256414,2.6485521183941936,2.636441468558871,0.9162068801468879
82166,3.1352785147862936,2.8647214852137064,62.70557029572588,57.29442970427412,5.712890625,10.282656731372333,23.704685874060598,31.433976531237064,368.92673992673997,350.52106227106225,2.649471385571545,2.636099737056887,1.0466869730778368
82200,3.189595214028771,2.810404785971229,63.791904280575416,56.208095719424584,6.591796875,11.333698761920685,26.285835991966657,31.433976531237064,375.85164835164835,344.32509157509156,2.6498359690702773,2.636099737056887,1.0863339848495406
82233,3.243160253462674,2.756839746537326,64.86320506925348,55.13679493074652,7.646484375,12.381677708699383,31.63519861223888,31.433976531237064,383.14102564102564,338.4935897435897,2.6499353072762264,2.633882936355509,1.071300788678062
82266,3.2966090397302525,2.7033909602697475,65.93218079460505,54.06781920539495,8.7890625,13.428793981343615,34.29969995181005,31.433976531237064,386.96794871794873,331.9331501831502,2.64935549752538,2.6311239954765915,1.0689757253515701
82300,3.347227719814016,2.652772280185984,66.94455439628032,53.055445603719676,10.107421875,14.47673860206835,39.545293552655956,31.433976531237064,395.16849816849816,324.6437728937729,2.64935549752538,2.6293425580452587,1.012373601675275
82333,3.4034571640522864,2.5965428359477136,68.06914328104573,51.93085671895427,11.162109375,15.52020158655164,31.772111340591643,31.433976531237064,401.91117216117215,319.9056776556776,2.6444943257036155,2.6293425580452587,1.124588884765407
82366,3.4636380109290097,2.5363619890709903,69.2727602185802,50.727239781419804,12.12890625,16.572695961125152,28.87452039022822,31.433976531237064,407.5604395604396,311.8873626373627,2.6437498903586683,2.625660348812243,1.2036169375344714
82400,3.518969584351954,2.4810304156480454,70.37939168703909,49.62060831296091,13.359375,17.594683919889203,36.949887260413796,29.412006215365995,415.2142857142857,305.32692307692304,2.6411674277930595,2.616831128360899,1.1066314684588834
82433,3.5703100535358137,2.429689946464187,71.40620107071626,48.593798929283736,14.677734375,18.527863620188427,39.6140365475587,26.66832431377104,422.3214285714285,298.7664835164835,2.6411674277930595,2.6101784082748054,1.0268093836771799
82466,3.6221709182401463,2.3778290817598533,72.44341836480292,47.55658163519707,15.8203125,19.37074913094478,34.288415481585346,23.921141673462337,426.3305860805861,292.5705128205128,2.634013079345099,2.6101784082748054,1.0372172940866637
82500,3.6730383968305684,2.3269616031694316,73.46076793661136,46.53923206338864,16.875,20.121563648213467,31.674538294268338,21.176013984719976,434.5311355311355,286.19230769230774,2.627648267230005,2.603086944331193,1.017349571808437
82533,3.7188016931005565,2.2811983068994435,74.37603386201113,45.62396613798887,18.017578125,20.78271426327591,34.21691667610391,18.42309090090256,441.27380952380946,278.90293040293034,2.6205585547830013,2.592131051201696,0.9152659253997655
82566,3.7618162889141615,2.2381837110858385,75.23632577828323,44.76367422171677,19.072265625,21.35196976263153,31.582972492417404,15.670004499025671,446.558608058608,272.7069597069597,2.6205585547830013,2.5845231971579485,0.8602919162721002
82600,3.801812394055274,2.198187605944726,76.03624788110548,43.96375211889452,20.0390625,21.828437180061137,29.0082769291703,12.92234855864132,451.84340659340654,267.05769230769226,2.609617619894504,2.5845231971579485,0.7999221028222476
82633,3.8385322741476813,2.1614677258523187,76.77064548295363,43.229354517046374,20.91796875,22.212081533568774,26.46854986991435,10.184802410254372,458.0393772893773,263.0485347985348,2.5997018233547617,2.575302347111145,0.734397601848139
82666,3.8718930255454636,2.1281069744545364,77.43786051090927,42.562139489090725,21.708984375,22.506625122475555,23.649197807783523,7.427288620364571,461.1373626373626,258.1282051282051,2.5913732817958217,2.5652990996833136,0.6672150279556468
82700,3.9035081968372394,2.0964918031627606,78.07016393674479,41.92983606325521,22.32421875,22.70794994908311,18.510425311980512,4.687145545855527,464.96428571428567,254.301282051282,2.5913732817958217,2.5550865618472667,0.6323034258355132
82733,3.9299668098340863,2.070033190165914,78.59933619668172,41.40066380331828,22.939453125,22.818598722151588,18.396621161942875,1.9300515513470469,470.79578754578745,251.5677655677655,2.5824226475310716,2.546225809416165,0.5291722599369264
82766,3.950582829960936,2.049417170039064,79.01165659921871,40.98834340078129,23.5546875,22.840275938852088,18.468607373903353,-0.18482079556811173,470.2490842490842,247.55860805860806,2.5733708554464143,2.546225809416165,0.41232040253699176
82800,3.965585830500981,2.034414169499019,79.31171661001962,40.688283389980384,24.169921875,22.823773459382675,18.476433350908646,-0.8063688207188169,474.9871794871795,245.91849816849816,2.5611499473051853,2.541212276870423,0.30006001080090483
82833,3.9785993029649886,2.0214006970350114,79.57198605929977,40.42801394070023,24.609375,22.786432194164316,13.158105315714728,-1.429775479609709,478.2673992673993,242.82051282051282,2.5611499473051853,2.5343832127552055,0.2602694492801509
82866,3.992630856070601,2.007369143929399,79.85261712141202,40.147382878587976,24.78515625,22.728592686135016,5.288109677751207,-2.050250543257974,478.63186813186815,242.82051282051282,2.5530162387747217,2.5291369609680965,0.2806310621122455
82900,4.001472970651626,1.9985270293483735,80.02945941303253,39.970540586967466,25.048828125,22.649875297261953,7.909651851447503,-2.672491619825943,480.27197802197804,241.72710622710622,2.549063095300461,2.5291369609680965,0.17684229162050819
82933,4.008144544244378,1.991855455755622,80.16289088488756,39.83710911511244,25.224609375,22.55010829709524,5.258410697737397,-3.2964710648497983,480.45421245421244,240.4514652014652,2.5463098417933536,2.525543147721912,0.13343147185502996
82966,4.009020258237104,1.990979741762896,80.18040516474208,39.81959483525792,25.48828125,22.43034981628818,7.940188822982884,-3.916319080186238,481.7298534798535,239.1758241758242,2.5463098417933536,2.5220948660427487,0.017514279854526638
83000,4.009151473022493,1.9908485269775067,80.18302946044986,39.816970539550134,25.576171875,22.28947214632375,2.6373519781000136,-4.538371088436852,481.7298534798535,239.35805860805863,2.5440048831321733,2.5195761722513375,0.002624295707781152
83033,4.0076336503946495,1.992366349605351,80.15267300789299,39.84732699210702,25.576171875,22.127411922538904,0.0,-5.162059473882155,482.2765567765568,238.99358974358975,2.5402334926303047,2.5195761722513375,-0.030356452556881047
83066,4.002922700948017,1.9970772990519827,80.05845401896035,39.94154598103965,25.576171875,21.94493085868983,0.0,-5.784397669815542,480.81868131868134,239.35805860805863,2.539807577854901,2.5207554040082933,-0.09421898893263944
83100,3.994789934462211,2.0052100655377885,79.89579868924423,40.10420131075577,25.576171875,21.74239042208705,0.0,-6.404725831790129,479.3608058608059,239.90476190476193,2.539807577854901,2.5197750798027596,-0.16265532971611146
83133,3.9829674732480123,2.0170325267519877,79.65934946496024,40.34065053503976,25.576171875,21.5179857054118,0.0,-7.028371695983148,482.0943223443224,240.2692307692308,2.539295740584358,2.5202572086096984,-0.2364492242839909
83166,3.9672055177018195,2.032794482298181,79.34411035403639,40.65588964596362,25.576171875,21.273294717987895,0.0,-7.6506753411411585,479.9075091575092,239.54029304029305,2.5369180996691707,2.5202572086096984,-0.3152391109238637
83200,3.9472327719319393,2.0527672280680607,78.94465543863879,41.05534456136121,25.576171875,21.007538500650337,0.0,-8.273697274209908,480.27197802197804,241.36263736263737,2.5361032140192084,2.5220357355951144,-0.3994549153975984
83233,3.922797851415615,2.077202148584385,78.4559570283123,41.5440429716877,25.576171875,20.72251596380076,0.0,-8.893511783990359,480.0897435897436,240.81593406593407,2.5361032140192084,2.522039686643141,-0.48869841032649747
83266,3.8939613336661636,2.1060386663338364,77.87922667332327,42.120773326676726,25.576171875,20.424404384665824,0.0,-8.920714725680748,479.3608058608059,240.99816849816852,2.535133833105731,2.5238674282426166,-0.5767303549890228
83300,3.860635290457748,2.139364709542252,77.21270580915495,42.787294190845046,25.576171875,20.127762403839228,0.0,-8.920714725680748,479.5430402930403,242.6382783882784,2.5339643940499594,2.5238674282426166,-0.6665208641683189
83333,3.8287269888527486,2.171273011147251,76.57453977705498,43.42546022294501,25.3125,19.830388264218186,-7.909704525947681,-8.920714725680748,474.62271062271066,250.1098901098901,2.532833882584833,2.53024966404285,-0.6381660320999659
83366,3.8244639709948296,2.1755360290051704,76.48927941989659,43.51072058010341,23.73046875,19.532855211018585,-47.43287952916806,-8.920714725680748,466.0576923076922,256.3058608058608,2.5416681797081973,2.554437744399442,-0.08526035715839464
83400,3.824520327073823,2.175479672926177,76.49040654147646,43.50959345852354,22.32421875,19.234440978564088,-42.03805890827077,-8.920714725680748,462.41300366300356,260.8617216117216,2.5416681797081973,2.5541727879383442,0.0011271215798733802
83433,3.8019346654643256,2.1980653345356744,76.03869330928651,43.96130669071349,22.236328125,18.937339259744846,-2.6389857177628615,-8.920714725680748,459.6794871794871,263.9597069597069,2.566922804548723,2.5541727879383442,-0.451713232189951
83466,3.776311051485007,2.223688948514993,75.52622102970014,44.47377897029986,22.1484375,18.639752512767267,-2.63468451014676,-8.920714725680748,456.0347985347985,265.5998168498168,2.5661762011231386,2.5686144265960373,-0.5124722795863773
83500,3.7556369842422503,2.24436301575775,75.11273968484501,44.887260315155,21.708984375,18.34274329283846,-13.19903794358159,-8.920714725680748,454.2124542124542,266.510989010989,2.5659095560873153,2.5736923154850113,-0.41348134485513305
83533,3.738729658733616,2.261270341266384,74.77459317467232,45.22540682532768,21.09375,18.045936448269977,-18.49125264205694,-8.920714725680748,452.20787545787545,269.60897435897436,2.5659095560873153,2.575109339068169,-0.3381465101726883
83566,3.716993321710996,2.283006678289004,74.33986643421993,45.66013356578007,20.7421875,17.74804176712358,-10.52784413161734,-8.920714725680748,448.38095238095235,271.79578754578756,2.573518166266473,2.575109339068169,-0.43472674045239196
83600,3.6924266078794914,2.3075733921205086,73.84853215758983,46.15146784241017,20.478515625,17.450397865118635,-7.90253575570072,-8.920714725680748,446.19413919413915,274.529304029304,2.5771555126466077,2.5798891844942653,-0.4913342766300961
83633,3.6723921966440467,2.3276078033559524,73.44784393288094,46.55215606711905,19.951171875,17.15341507729228,-15.84025522338104,-8.920714725680748,444.7362637362637,277.2628205128205,2.579483415409149,2.5839008589450945,-0.4006882247088811
83666,3.6530064637209114,2.3469935362790886,73.06012927441823,46.93987072558177,19.423828125,16.85615377583578,-15.825413981137082,-8.920714725680748,440.7271062271062,279.2673992673992,2.579483415409149,2.5880975111143565,-0.38771465846271014
83700,3.6303511117404783,2.3696488882595217,72.60702223480956,47.39297776519043,19.072265625,16.55915248643991,-10.559512307594554,-8.920714725680748,438.90476190476187,283.0943223443222,2.5864457532637046,2.5880975111143565,-0.45310703960865994
83733,3.6072888030929264,2.3927111969070736,72.14577606185853,47.854223938141466,18.720703125,16.265536833919874,-10.537702562155742,-8.534268221651109,436.5357142857142,285.82783882783883,2.590269937283411,2.5906944244604913,-0.46124617295102865
83766,3.586139336025655,2.413860663974345,71.7227867205131,48.2772132794869,18.28125,15.991226890018062,-13.173385824833517,-7.911584685218069,431.97985347985343,287.28571428571433,2.5933495153146686,2.594948169630883,-0.4229893413454315
83800,3.565838683324592,2.434161316675408,71.31677366649184,48.68322633350816,17.841796875,15.73823735500909,-13.203150652451738,-7.2903049097971175,431.25091575091574,290.56593406593413,2.5933495153146686,2.597506700555375,-0.4060130540212615
83833,3.5486284790903824,2.4513715209096176,70.97256958180765,49.02743041819235,17.314453125,15.505908564312534,-15.842502776633658,-6.668975016065728,428.3351648351648,293.48168498168496,2.5988101868582283,2.602016658693134,-0.3442040846841948
83866,3.531410118738401,2.468589881261599,70.62820237476802,49.371797625231984,16.875,15.293091667094764,-13.12576909361527,-6.044032552603201,425.60164835164835,295.48626373626377,2.602063346734258,2.602016658693134,-0.3443672070396321
83900,3.5138358439577786,2.486164156042221,70.27671687915557,49.72328312084442,16.5234375,15.102283753157689,-10.563813546989897,-5.4228288226648536,423.23260073260064,296.57967032967036,2.6064132665269164,2.604541899949061,-0.3514854956124443
83933,3.4974047551712717,2.5025952448287283,69.94809510342543,50.05190489657457,16.171875,14.931855497790565,-10.544415936018378,-4.800482320252382,420.86355311355305,299.6776556776557,2.6064132665269164,2.6077509669292342,-0.3286217757301426
83966,3.4823798228389076,2.5176201771610924,69.64759645677815,50.352403543221854,15.8203125,14.78246622739938,-10.566353544304558,-4.179427918632388,418.67673992673986,301.86446886446885,2.608764592969516,2.6112036408186317,-0.300498646647282
84000,3.4669555597647435,2.533044440235257,69.33911119529486,50.66088880470514,15.556640625,14.653126738857127,-7.883868987310388,-3.555151907546417,418.67673992673986,303.3223443223443,2.6115567648009743,2.6112036408186317,-0.30848526148328315
84033,3.4547377211387817,2.5452622788612187,69.09475442277564,50.90524557722437,15.205078125,14.545205212067364,-10.569953859549903,-2.9343090481583056,416.85439560439556,305.69139194139194,2.613818886708704,2.612929029700412,-0.24435677251923102
84066,3.444639908299523,2.5553600917004773,68.89279816599046,51.10720183400955,14.853515625,14.45782459314002,-10.555044710742003,-2.3125892395169596,417.40109890109886,306.2380952380952,2.613818886708704,2.615845466136613,-0.20195625678518547
84100,3.4349150911362254,2.5650849088637746,68.69830182272452,51.30169817727548,14.58984375,14.390972737469463,-7.891161435418036,-1.688890139758041,414.12087912087907,308.4249084249084,2.616661221330008,2.617841841128333,-0.19449634326593646
84133,3.4251387054664892,2.5748612945335108,68.50277410932979,51.49722589067021,14.4140625,14.345060413305982,-5.275513044887499,-1.0669335336490982,412.8452380952381,309.8827838827839,2.6187536699658565,2.617841841128333,-0.19552771339472286
84166,3.418858705760729,2.581141294239271,68.37717411521459,51.622825884785414,14.150390625,14.319901171039072,-7.9289443594200115,-0.44620647841692596,411.20512820512823,309.33608058608064,2.619749053787883,2.6197080909787442,-0.12559999411520328
84200,3.4128985095341453,2.5871014904658547,68.25797019068291,51.74202980931709,13.974609375,14.314618904918367,-5.270577368465713,0.010787679791712888,409.9294871794872,311.34065934065933,2.619749053787883,2.6194466151242755,-0.11920392453167289
84233,3.4084986903852235,2.5915013096147765,68.16997380770447,51.830026192295534,13.798828125,14.315613748697558,-5.270729557586801,0.04887229545769819,411.0228937728937,311.8873626373627,2.621339124033994,2.6199797038760315,-0.08799638297844939
84266,3.403730931417237,2.596269068582763,68.07461862834474,51.92538137165526,13.7109375,14.31787445629585,-2.6392571346372673,0.08690074422944515,408.10714285714283,311.70512820512823,2.622404886759676,2.6199797038760315,-0.095355179359728
84300,3.399957002922774,2.6000429970772263,67.99914005845548,52.000859941544526,13.623046875,14.32140803892504,-2.63515412724891,0.12498840434092545,409.20054945054943,313.34523809523813,2.623227181042147,2.6220577926675106,-0.0754785698892603
84333,3.397227413429904,2.602772586570096,67.94454826859808,52.05545173140192,13.53515625,14.326210297302127,-2.6359619126026286,0.16306439256373076,409.01831501831504,313.5274725274725,2.623227181042147,2.6219694051821203,-0.05459178985739793
84366,3.395591242956292,2.604408757043708,67.91182485912584,52.08817514087416,13.447265625,14.332276011391333,-2.638365116228539,0.20110569856897853,407.0137362637363,313.1630036630037,2.6239450358954004,2.6217826796507486,-0.03272340947223912
84400,3.3930818850190714,2.6069181149809295,67.86163770038142,52.138362299618585,13.447265625,14.339615993132874,0.0,0.23918050144695804,407.37820512820514,313.34523809523813,2.623523770003851,2.6217826796507486,-0.05018715874442551
84433,3.3930443966816255,2.606955603318375,67.86088793363251,52.139112066367495,13.359375,14.348237608886786,-2.632584460437532,0.27730533893967046,407.1959706959707,314.6208791208791,2.6236827808974645,2.6227407799814677,-0.0007497667489177705
84466,3.3921984736196045,2.6078015263803955,67.84396947239209,52.15603052760791,13.359375,14.35808712307822,0.0,0.3152674917009731,407.0137362637363,312.9807692307692,2.624030197711275,2.621831922421158,-0.01691846124042299
84500,3.3918756118977313,2.6081243881022687,67.83751223795463,52.16248776204537,13.359375,14.36922340223636,0.0,0.3533097489508132,406.64926739926744,313.89194139194143,2.624030197711275,2.6217795027454587,-0.006457234437461721
84533,3.3920917811545674,2.6079082188454326,67.84183562309134,52.15816437690866,13.359375,14.381657924843989,0.0,0.3914422420903147,407.92490842490844,314.0741758241758,2.6242022690389417,2.6217795027454587,0.004323385136715236
84566,3.394873844357105,2.605126155642895,67.8974768871421,52.1025231128579,13.271484375,14.395371860080253,-2.6309412294544274,0.42959089156084423,405.9203296703297,313.1630036630037,2.6241023499301646,2.622666950174799,0.055641264050757394
84600,3.3969449714443853,2.603055028555614,67.93889942888771,52.061100571112284,13.271484375,14.410296382510273,0.0,0.4675836863144884,407.0137362637363,313.89194139194143,2.6239613739189847,2.6219006624499355,0.04142254174560878
84633,3.399636496380209,2.6003635036197905,67.99272992760419,52.007270072395805,13.271484375,14.426475639444636,0.0,0.5055555022722935,407.5604395604396,313.89194139194143,2.6239613739189847,2.622030062779205,0.05383049871648431
84666,3.4029670611327005,2.5970329388672995,68.05934122265401,51.94065877734599,13.271484375,14.443971036169591,0.0,0.5436397376697646,406.83150183150184,312.9807692307692,2.624510593779576,2.622030062779205,0.06661129504982173
84700,3.406956651234159,2.593043348765841,68.13913302468318,51.860866975316824,13.271484375,14.462812988348732,0.0,0.5818740118245072,406.28479853479854,313.5274725274725,2.6242514353841737,2.622635887684959,0.07979180202916
84733,3.411599397243413,2.588400602756587,68.23198794486827,51.768012055131734,13.271484375,14.482351390145329,0.0,0.587169627117615,407.742673992674,313.709706959707,2.6243564246172975,2.6218843436689867,0.09285492018508792
84766,3.416900830843251,2.583099169156749,68.33801661686502,51.66198338313498,13.271484375,14.501900613361304,0.0,0.587169627117615,407.1959706959707,312.9807692307692,2.6243564246172975,2.6217991418888302,0.1060286719967528
84800,3.422871493714944,2.577128506285056,68.45742987429887,51.54257012570113,13.271484375,14.521519513648876,0.0,0.587169627117615,407.1959706959707,313.709706959707,2.6250320638931974,2.6217991418888302,0.11941325743385252
84833,3.4295168516461016,2.5704831483538984,68.59033703292204,51.40966296707796,13.271484375,14.54106034268905,0.0,0.587169627117615,407.5604395604396,313.89194139194143,2.6245302636179533,2.6220888448874526,0.1329071586231724
84866,3.4368464019408353,2.5631535980591638,68.73692803881671,51.26307196118328,13.271484375,14.560639870317386,0.0,0.587169627117615,407.92490842490844,312.9807692307692,2.624822155293733,2.62160752526291,0.1465910058946824
84900,3.444865387763988,2.555134612236012,68.89730775527975,51.10269224472024,13.271484375,14.580137835973089,0.0,0.587169627117615,408.10714285714283,313.1630036630037,2.624822155293733,2.62168939656359,0.1603797164630458
84933,3.453585234404051,2.5464147655959493,69.07170468808103,50.92829531191898,13.271484375,14.599727867479146,0.0,0.587169627117615,407.0137362637363,314.2564102564103,2.625547177206268,2.621713944261734,0.17439693280126697
84966,3.4630134633014933,2.5369865366985067,69.26026926602987,50.739730733970134,13.271484375,14.619300186426102,0.0,0.587169627117615,409.20054945054943,312.9807692307692,2.624976220828967,2.621713944261734,0.18856457794883627
85000,3.4731595340397003,2.5268404659602997,69.463190680794,50.53680931920599,13.271484375,14.638907734962366,0.0,0.587169627117615,409.9294871794872,310.61172161172163,2.6265119754650166,2.6216338045217307,0.20292141476414025
85033,3.4759645232157546,2.524035476784245,69.51929046431509,50.4807095356849,13.623046875,14.658449542813306,10.563343146556992,0.587169627117615,413.3919413919414,307.8782051282051,2.6265119754650166,2.611324068144613,0.05609978352109603
85066,3.464526805269259,2.53547319473074,69.29053610538519,50.70946389461481,14.501953125,14.678066996902697,26.306525440675482,0.587169627117615,415.03205128205127,304.59798534798534,2.6298210771617296,2.6108098341728394,-0.22875435892990031
85100,3.4604278436962987,2.5395721563037013,69.20855687392597,50.79144312607403,14.765625,14.697637619517186,7.91084267347384,0.587169627117615,417.5833333333333,304.2335164835165,2.6226309755277986,2.6108098341728394,-0.08197923145921686
85133,3.4604108973023076,2.5395891026976924,69.20821794604615,50.791782053953845,14.765625,14.717206219331004,0.0,0.587169627117615,416.30769230769226,303.6868131868132,2.6232894721144264,2.6116854001131813,-0.0003389278798166216
85166,3.4605287465697234,2.539471253430277,69.21057493139446,50.78942506860554,14.765625,14.736781636770559,0.0,0.587169627117615,416.85439560439556,303.50457875457874,2.6232894721144264,2.611354642796513,0.002356985348315859
85200,3.4607890697624737,2.539210930237526,69.21578139524948,50.78421860475052,14.765625,14.756294934014468,0.0,0.587169627117615,417.2188644688644,304.051282051282,2.6239646993761037,2.6113108623577324,0.00520646385501973
85233,3.4611916929303397,2.5388083070696603,69.2238338586068,50.776166141393205,14.765625,14.775801600316498,0.0,0.5706658565829962,418.1300366300366,304.2335164835165,2.6231599785450705,2.6113108623577324,0.008052463357312946
85266,3.4617253325321435,2.5382746674678565,69.23450665064287,50.76549334935713,14.765625,14.794221152237471,0.0,0.53253266571263,415.760989010989,304.4157509157509,2.623423889643987,2.6119405453621845,0.010672792036073693
85300,3.4623869902370163,2.5376130097629837,69.24773980474033,50.752260195259666,14.765625,14.811290906515728,0.0,0.4945759474999681,416.67216117216117,305.32692307692304,2.623423889643987,2.611198617213697,0.013233154097463876
85333,3.4631739488136635,2.536826051186337,69.26347897627326,50.736521023726745,14.765625,14.827120235251309,0.0,0.456566214175701,416.67216117216117,304.78021978021974,2.623882576893411,2.6114312971013747,0.015739171532923667
85366,3.4640833035902063,2.535916696409794,69.28166607180412,50.71833392819588,14.765625,14.841743829941734,0.0,0.41839434539769005,416.30769230769226,304.051282051282,2.623201022343844,2.6114312971013747,0.018187095530857518
85400,3.4651103544579884,2.534889645542012,69.30220708915977,50.69779291084024,14.765625,14.855015828492,0.0,0.38044955487234877,416.12545787545787,304.2335164835165,2.6233861649718793,2.6122060682108534,0.020541017355634225
85433,3.466251032462259,2.5337489675377416,69.32502064924518,50.67497935075483,14.765625,14.867067036536696,0.0,0.34237124163747956,416.85439560439556,304.4157509157509,2.6233861649718793,2.6113679924608233,0.022813560085403934
85466,3.467500389945014,2.532499610054986,69.35000779890028,50.64999220109972,14.765625,14.877856166556386,0.0,0.30426425170561716,415.5787545787545,302.59340659340654,2.623835155807233,2.611343446382797,0.024987149655104693
85500,3.468852624006206,2.531147375993794,69.37705248012412,50.622947519875886,14.765625,14.887353151935223,0.0,0.26624525601346927,418.312271062271,304.2335164835165,2.6232501605529963,2.611343446382797,0.027044681223833897
85533,3.470302225549418,2.529697774450582,69.40604451098837,50.593955489011634,14.765625,14.89562892937781,0.0,0.22800319945299663,416.67216117216117,304.2335164835165,2.6233993179260797,2.6120987915312925,0.02899203086424218
85566,3.471841876357323,2.528158123642677,69.43683752714647,50.563162472853534,14.765625,14.902577986562342,0.0,0.19003810845334135,417.7655677655677,303.8690476190476,2.6235320093041214,2.6113108623577324,0.03079301615810129
85600,3.4734646109503187,2.5265353890496813,69.46929221900638,50.53070778099362,14.765625,14.908273522175113,0.0,0.1520079890077254,415.2142857142857,304.4157509157509,2.6235320093041214,2.611244404320462,0.0324546918599113
85633,3.475162805078928,2.524837194921072,69.50325610157856,50.49674389842144,14.765625,14.912704169548466,0.0,0.1139616492783042,415.9432234432234,305.32692307692304,2.6234681196061884,2.611244404320462,0.03396388257218292
85666,3.476928261424461,2.523071738575539,69.53856522848922,50.46143477151078,14.765625,14.915866922710434,0.0,0.07591992075017705,415.5787545787545,304.051282051282,2.6235401040930624,2.612071219476389,0.03530912691066136
85699,3.4787522741635115,2.5212477258364885,69.57504548327023,50.42495451672977,14.765625,14.917762615740239,0.0,0.03787155063017131,415.2142857142857,303.8690476190476,2.6233631836739253,2.61125574363327,0.03648025478100794
85733,3.4806244701656346,2.5193755298343654,69.6124894033127,50.38751059668731,14.765625,14.91839029895033,0.0,-0.0026883690050375692,417.5833333333333,304.59798534798534,2.6233631836739253,2.6114199566450456,0.03744392004245882
85766,3.4823057366256034,2.517694263374396,69.64611473251207,50.353885267487925,14.765625,14.91158801620155,0.0,-0.4044479972490889,417.03663003663,304.59798534798534,2.623730342418687,2.6114199566450456,0.03362532919938426
85800,3.4836892062155385,2.5163107937844615,69.67378412431077,50.32621587568923,14.765625,14.891529707563187,0.0,-0.8036851978642937,417.5833333333333,304.4157509157509,2.6242728376366813,2.6120742351486306,0.02766939179869781
85833,3.4846588516662744,2.515341148333725,69.6931770333255,50.3068229666745,14.765625,14.857982491535815,0.0,-1.2052395413265018,418.85897435897436,304.4157509157509,2.6261410478669034,2.61127512111092,0.019392909014723222
85866,3.4850949451813555,2.5149050548186445,69.70189890362711,50.29810109637289,14.765625,14.811064791915541,0.0,-1.6064893000522336,418.1300366300366,302.95787545787545,2.6261410478669034,2.611198617213697,0.008721870301612138
85900,3.4808394397463247,2.5191605602536753,69.61678879492649,50.3832112050735,14.94140625,14.75101822688087,5.287876946746824,-2.0061695811217493,418.49450549450546,302.95787545787545,2.6274084910332136,2.611198617213697,-0.08511010870061089
85933,3.4783660368356277,2.521633963164372,69.56732073671256,50.43267926328744,14.94140625,14.677480379702489,0.0,-2.4068740618628888,418.85897435897436,302.2289377289377,2.6254454447828337,2.6115403989360653,-0.04946805821393087
85966,3.472880860920242,2.527119139079758,69.45761721840485,50.54238278159516,15.029296875,14.59018884239658,2.625980276302351,-2.8092876221263245,419.4056776556776,302.2289377289377,2.625194395042823,2.610933247952836,-0.10970351830771685
86000,3.4675367561687334,2.532463243831266,69.35073512337468,50.649264876625324,15.029296875,14.49034154957391,0.0,-3.2082819171969224,417.7655677655677,302.2289377289377,2.625194395042823,2.611086379306661,-0.10688209503017307
86033,3.4608674851357115,2.539132514864288,69.21734970271423,50.78265029728576,15.029296875,14.376659770792493,0.0,-3.609254696559306,419.58791208791206,302.41117216117215,2.6260081585046593,2.611086379306661,-0.13338542066043949
86066,3.4527186046206157,2.5472813953793847,69.05437209241231,50.9456279075877,15.029296875,14.249505590755543,0.0,-4.010527383596216,418.49450549450546,302.2289377289377,2.625184556362694,2.6111107782360774,-0.16297761030192986
86100,3.4429314769111286,2.5570685230888714,68.85862953822257,51.14137046177743,15.029296875,14.108995959444924,0.0,-4.411699436118442,418.85897435897436,302.41117216117215,2.6251861479101417,2.611050642668513,-0.19574255418973746
86133,3.43134631424417,2.56865368575583,68.6269262848834,51.373073715116604,15.029296875,13.955501431592772,0.0,-4.811870217280223,419.22344322344316,302.59340659340654,2.6251861479101417,2.6110097401879346,-0.23170325333917782
86166,3.4177934528958316,2.5822065471041684,68.35586905791664,51.644130942083365,15.029296875,13.788657183858353,0.0,-5.212112031757772,418.1300366300366,301.86446886446885,2.6257981328177094,2.611017920607161,-0.27105722696676465
86200,3.4020906385177523,2.5979093614822473,68.04181277035505,51.95818722964494,15.029296875,13.607883912479787,0.0,-5.613650564635308,418.1300366300366,302.41117216117215,2.625235486598898,2.611017920607161,-0.3140562875615767
86233,3.384057571038618,2.615942428961382,67.68115142077235,52.31884857922764,15.029296875,13.413809674191933,0.0,-6.014970899765718,416.4899267399267,305.87362637362634,2.624830256054443,2.6114363213777927,-0.36066134958269297
86266,3.369551862737404,2.630448137262596,67.39103725474808,52.608962745251915,14.765625,13.206583328702933,-7.908390938985764,-6.415835025093308,411.3873626373626,309.51831501831504,2.624830256054443,2.6210642684589054,-0.29011416602426726
86300,3.374693634714063,2.625306365285937,67.49387269428125,52.50612730571874,13.623046875,12.985973643685837,-34.22678736243016,-6.737118949051399,408.10714285714283,312.9807692307692,2.618338553680062,2.624158020509599,0.10283543953317012
86333,3.3747820353880233,2.6252179646119767,67.49564070776047,52.50435929223953,13.0078125,12.761487875031865,-18.46400861298854,-6.737118949051399,405.9203296703297,315.8965201465201,2.63018625523406,2.624158020509599,0.0017680134792250612
86366,3.3637622554507716,2.6362377445492284,67.27524510901543,52.72475489098457,13.0078125,12.537407579910532,0.0,-6.737118949051399,404.46245421245425,316.07875457875457,2.6315257472572404,2.6200320695831474,-0.22039559874504264
86400,3.3507679268688855,2.6492320731311145,67.01535853737771,52.98464146262229,13.0078125,12.312761373517572,0.0,-6.737118949051399,403.7335164835165,317.3543956043956,2.6315257472572404,2.623107663550124,-0.25988657163772055
86433,3.337721877709262,2.662278122290738,66.75443755418523,53.24556244581476,12.919921875,12.08829344476199,-2.637925152221742,-6.737118949051399,403.1868131868132,318.4478021978022,2.63050535864564,2.6259260848198966,-0.2609209831924722
86466,3.329283565821543,2.670716434178457,66.58567131643086,53.41432868356914,12.568359375,11.863552170887091,-10.538866936583771,-6.737118949051399,400.81776556776555,318.99450549450546,2.6286898997594315,2.6259260848198966,-0.16876623775437052
86500,3.319564897135919,2.680435102864081,66.39129794271838,53.60870205728162,12.3046875,11.639657146526048,-7.934025289145751,-6.737118949051399,398.9954212454212,320.4523809523809,2.6298210771617296,2.6270850262785,-0.19437337371247856
86533,3.309844745337225,2.690155254662775,66.1968949067445,53.8031050932555,12.041015625,11.41426012192013,-7.881154547182822,-6.737118949051399,399.3598901098901,323.1858974358974,2.6298210771617296,2.6264890978749156,-0.19440303597388223
86566,3.2981865384802256,2.7018134615197744,65.96373076960451,54.03626923039549,11.865234375,11.190319810628123,-5.288280539713651,-6.737118949051399,397.7197802197802,323.00366300366295,2.6309330976255807,2.6286932342095923,-0.23316413713999345
86600,3.2878711307572517,2.7121288692427488,65.75742261514503,54.242577384854975,11.6015625,10.965881080549774,-7.914805010589263,-6.737118949051399,396.6263736263736,324.8260073260073,2.6307060796245554,2.6286932342095923,-0.20630815445948344
86633,3.277573362954101,2.7224266370458996,65.55146725908202,54.44853274091799,11.337890625,10.740379879875386,-7.877513645523462,-6.737118949051399,394.4395604395604,326.28388278388275,2.6315174702713815,2.6302833296624124,-0.20595535606302104
86666,3.267368378356715,2.732631621643285,65.3473675671343,54.6526324328657,11.07421875,10.516405754988641,-7.93122324417013,-6.737118949051399,393.52838827838826,326.6483516483516,2.632260085810445,2.6299311884041665,-0.20409969194772118
86700,3.2572295178958415,2.7427704821041585,65.14459035791683,54.855409642083174,10.810546875,10.291817312673793,-7.90952894585781,-6.737118949051399,393.89285714285717,328.47069597069594,2.632260085810445,2.63089535602373,-0.20277720921747616
86733,3.247167925827581,2.752832074172419,64.94335851655163,55.056641483448374,10.546875,10.066622522904225,-7.888232170966849,-6.737118949051399,391.5238095238095,330.29304029304024,2.632265025045251,2.63089535602373,-0.2012318413651974
86766,3.235213829046221,2.764786170953779,64.70427658092441,55.29572341907558,10.37109375,9.842112305243733,-5.274856541512906,-6.737118949051399,389.3369963369964,330.65750915750914,2.633325829826044,2.6328826842154145,-0.23908193562720656
86800,3.224692501144598,2.7753074988554016,64.49385002289196,55.50614997710803,10.107421875,9.618521448335308,-7.944818540240959,-6.737118949051399,389.5192307692308,332.4798534798535,2.6336341647016104,2.6329915344809227,-0.2104265580324482
86833,3.2142587716198223,2.7857412283801777,64.28517543239644,55.71482456760356,9.84375,9.393916163192875,-7.908935821647837,-6.737118949051399,387.51465201465203,332.8443223443224,2.6336341647016104,2.633955495335399,-0.208674590495519
86866,3.2040301217732714,2.7959698782267286,64.08060243546542,55.91939756453457,9.580078125,9.170234168009538,-7.9065376656449615,-6.582716691984848,387.1501831501832,335.03113553113553,2.6343824762315373,2.633955495335399,-0.20457299693101608
86900,3.1942216347544767,2.8057783652455233,63.88443269508954,56.11556730491046,9.31640625,8.95695129583051,-7.88953482059588,-6.180894494783906,384.7811355311356,335.3956043956044,2.634260450319344,2.635444706935534,-0.19616974037588455
86933,3.1849781631922203,2.8150218368077797,63.6995632638444,56.3004367361556,9.052734375,8.757418262930527,-7.902658444051468,-5.779739587362663,385.14560439560444,337.4001831501832,2.634728674546018,2.6351312522498325,-0.1848694312451401
86966,3.174433118982819,2.825566881017181,63.48866237965639,56.51133762034361,8.876953125,8.572177403783677,-5.295216141502916,-5.380613265063583,381.86538461538464,338.3113553113553,2.634728674546018,2.6359001453485167,-0.21090088418800443
87000,3.165981401740489,2.834018598259511,63.319628034809774,56.680371965190226,8.61328125,8.399247429154682,-7.897985691054692,-4.9792210189247035,380.2252747252748,339.040293040293,2.6358109114585857,2.6359001453485167,-0.16903434484661753
87033,3.1584713064438312,2.8415286935561688,63.16942612887662,56.83057387112338,8.349609375,8.23989228362894,-7.907011868626287,-4.578286978458169,380.0430402930403,339.5869963369963,2.6353623359882126,2.637443749590863,-0.15020190593314997
87066,3.1500395062224618,2.8499604937775382,63.00079012444923,56.99920987555077,8.173828125,8.094121531429646,-5.279474367809128,-4.177970583852048,379.13186813186815,339.40476190476187,2.636208786887474,2.637452054552621,-0.16863600442738885
87100,3.1421010401255454,2.8578989598744546,62.842020802510916,57.157979197489084,7.998046875,7.961067367209578,-5.253902335357203,-3.7757057510793066,377.3095238095238,342.3205128205128,2.636208786887474,2.6381690517309915,-0.15876932193831747
87133,3.134812755661226,2.865187244338774,62.69625511322453,57.30374488677547,7.822265625,7.84213781640817,-5.285074176485035,-3.375813512340211,378.22069597069594,343.77838827838826,2.63738270204087,2.6381690517309915,-0.1457656892863885
87166,3.12827675896124,2.87172324103876,62.5655351792248,57.4344648207752,7.646484375,7.736159233317178,-5.2664775865822735,-2.974509204177698,375.12271062271066,344.6895604395604,2.6369466889373805,2.638988855979638,-0.13071993399972678
87200,3.1226478116623144,2.8773521883376856,62.45295623324629,57.54704376675371,7.470703125,7.6438651276314005,-5.28431489218836,-2.574559506353852,375.48717948717945,344.8717948717948,2.636930229485003,2.6390218135955434,-0.1125789459785099
87233,3.1180544402407704,2.8819455597592296,62.3610888048154,57.6389111951846,7.294921875,7.564810810025601,-5.279612323564981,-2.1742535719761364,374.029304029304,346.69413919413915,2.636930229485003,2.6392169469963975,-0.09186742843088845
87266,3.1126233538622063,2.8873766461377937,62.25246707724413,57.74753292275587,7.20703125,7.498852266451194,-2.6294661824612184,-1.772373494865095,375.12271062271066,345.782967032967,2.638846532834686,2.639942980758863,-0.1086217275712788
87300,3.10779806265818,2.89220193734182,62.15596125316359,57.84403874683641,7.119140625,7.446426115914763,-2.6351847827051222,-1.3713655355357248,374.3937728937729,348.51648351648345,2.6382878508321186,2.639942980758863,-0.09650582408053485
87333,3.103696991484692,2.896303008515308,62.07393982969384,57.92606017030616,7.03125,7.407390960729995,-2.6365110719914946,-0.9705593021030743,373.66483516483515,348.1520146520146,2.638250096628306,2.641355936031444,-0.08202142346974366
87366,3.1024692396050764,2.8975307603949236,62.04938479210153,57.95061520789847,6.85546875,7.381793594272426,-5.294324138221551,-0.5713657338288946,371.478021978022,347.6053113553113,2.638250096628306,2.6411309258189437,-0.024555037592312083
87400,3.100926028369843,2.899073971630157,62.01852056739686,57.98147943260314,6.767578125,7.369401116745216,-2.6244062431297537,-0.1687108190516075,372.57142857142856,348.88095238095235,2.639853541497061,2.640955580884267,-0.030864224704664454
87433,3.0983952052792647,2.9016047947207353,61.9679041055853,58.0320958944147,6.767578125,7.368217436613009,0.0,0.0,371.6602564102564,348.69871794871796,2.639119377590732,2.640955580884267,-0.05061646181156537
87466,3.096115493883261,2.903884506116739,61.92230987766522,58.07769012233478,6.767578125,7.368217436613009,0.0,0.0,370.56684981684987,348.33424908424905,2.639000522321756,2.641640999984917,-0.04559422792007389
87500,3.0961015091696797,2.9038984908303203,61.922030183393595,58.077969816606405,6.6796875,7.368217436613009,-2.6400411097538394,0.0,371.29578754578756,349.7921245421245,2.639000522321756,2.6409059443572693,-0.0002796942716250632
87533,3.095054431022658,2.904945568977342,61.901088620453166,58.098911379546834,6.6796875,7.368217436613009,0.0,0.0,371.478021978022,349.6098901098901,2.6399911310200848,2.640808281276485,-0.020941562940426817
87566,3.0963073569275132,2.9036926430724868,61.92614713855027,58.07385286144973,6.591796875,7.368217436613009,-2.633951941355706,0.0,370.0201465201465,349.06318681318675,2.6388746757400354,2.640808281276485,0.025058518097105093
87600,3.0965660833582582,2.9034339166417418,61.93132166716516,58.06867833283484,6.591796875,7.368217436613009,0.0,0.0,371.1135531135531,348.51648351648345,2.63902516772381,2.641788223209627,0.005174528614890261
87633,3.097148517815539,2.902851482184461,61.94297035631079,58.05702964368921,6.591796875,7.368217436613009,0.0,0.0,371.6602564102564,349.2454212454212,2.63902516772381,2.6409012727561914,0.011648689145632038
87666,3.0980549342011465,2.9019450657988535,61.961098684022936,58.038901315977064,6.591796875,7.368217436613009,0.0,0.0,370.93131868131866,348.88095238095235,2.6398370548209744,2.640886090138294,0.0181283277121478
87700,3.099284543157369,2.900715456842631,61.98569086314737,58.01430913685263,6.591796875,7.368217436613009,0.0,0.0,371.1135531135531,345.2362637362637,2.6390582718544913,2.640886090138294,0.024592179124435634
87733,3.100838427538601,2.899161572461399,62.01676855077202,57.98323144922798,6.591796875,7.368217436613009,0.0,0.0,372.57142857142856,349.7921245421245,2.6394170614195556,2.641816559250484,0.03107768762465493
87766,3.1027149974781425,2.8972850025218575,62.05429994956285,57.94570005043715,6.591796875,7.368217436613009,0.0,0.0,370.20238095238096,348.69871794871796,2.639942980758863,2.640902586642741,0.03753139879082315
87800,3.1049145642720806,2.8950854357279194,62.098291285441604,57.901708714558396,6.591796875,7.368217436613009,0.0,0.0,371.8424908424908,348.69871794871796,2.639942980758863,2.6408117847910746,0.04399133587875882
87833,3.1074383484341688,2.8925616515658312,62.148766968683375,57.851233031316625,6.591796875,7.368217436613009,0.0,0.0,372.38919413919416,348.88095238095235,2.6398075834485377,2.6408117847910746,0.05047568324177355
87866,3.110286099423204,2.889713900576796,62.205721988464084,57.794278011535916,6.591796875,7.368217436613009,0.0,0.0,372.2069597069597,347.9697802197802,2.6402043211856006,2.641567977157984,0.05695501978070723
87900,3.1134573442049303,2.8865426557950697,62.2691468840986,57.7308531159014,6.591796875,7.368217436613009,0.0,0.0,371.478021978022,348.69871794871796,2.6404162236515467,2.640558527847365,0.06342489563452175
87933,3.1169524517538343,2.8830475482461657,62.339049035076684,57.660950964923316,6.591796875,7.368217436613009,0.0,0.0,372.93589743589746,349.06318681318675,2.6404162236515467,2.640493869232907,0.0699021509780823
87966,3.1207702615831816,2.8792297384168184,62.41540523166364,57.58459476833636,6.591796875,7.368217436613009,0.0,0.0,371.8424908424908,348.69871794871796,2.640930762445846,2.640493869232907,0.07635619658695997
88000,3.124911296874288,2.875088703125712,62.498225937485756,57.501774062514244,6.591796875,7.368217436613009,0.0,0.0,371.8424908424908,347.9697802197802,2.6409872613992684,2.641294752601837,0.08282070582211475
88033,3.129375518437323,2.870624481562677,62.58751036874646,57.41248963125354,6.591796875,7.368217436613009,0.0,0.0,373.11813186813185,348.88095238095235,2.641208748940907,2.640412720924103,0.08928443126070426
88066,3.1341645132662292,2.8658354867337708,62.68329026532458,57.31670973467542,6.591796875,7.368217436613009,0.0,0.0,372.0247252747253,347.78754578754575,2.641208748940907,2.6404692032541113,0.09577989657812477
88100,3.1392770407088673,2.8607229592911327,62.785540814177345,57.214459185822655,6.591796875,7.368217436613009,0.0,0.0,372.753663003663,348.33424908424905,2.641915592912333,2.6404692032541113,0.10225054885276375
88133,3.1447126214322965,2.8552873785677035,62.89425242864593,57.10574757135407,6.591796875,7.368217436613009,0.0,0.0,373.66483516483515,348.51648351648345,2.6415101452276932,2.641114427174958,0.10871161446858527
88166,3.150471746270176,2.849528253729824,63.00943492540352,56.99056507459648,6.591796875,7.368217436613009,0.0,0.0,372.57142857142856,348.51648351648345,2.641640999984917,2.640290275791177,0.11518249675758985
88200,3.1565533675982347,2.8434466324017653,63.13106735196469,56.86893264803531,6.591796875,7.368217436613009,0.0,0.0,372.0247252747253,347.4230769230769,2.641640999984917,2.640305453271296,0.12163242656116846
88233,3.1629599857721575,2.8370400142278425,63.25919971544315,56.74080028455685,6.591796875,7.368217436613009,0.0,0.0,373.48260073260076,348.33424908424905,2.6430423101599083,2.640305453271296,0.12813236347846674
88266,3.169690050464475,2.830309949535525,63.3938010092895,56.6061989907105,6.591796875,7.368217436613009,0.0,0.0,374.75824175824175,344.50732600732596,2.6443101620374225,2.64044088888798,0.13460129384634342
88300,3.164621989089728,2.835378010910272,63.292439781794556,56.707560218205444,7.119140625,7.368217436613009,15.89271430275094,0.0,377.49175824175825,342.13827838827837,2.6463194484918233,2.6330490868819125,-0.1013612274949425
88333,3.1555485147814943,2.8444514852185057,63.11097029562988,56.88902970437012,7.646484375,7.368217436613009,15.760616484943979,0.0,379.3141025641026,342.5027472527472,2.6463194484918233,2.6334347075741933,-0.18146948616467198
88366,3.1522228412644786,2.8477771587355214,63.04445682528957,56.95554317471043,7.734375,7.368217436613009,2.642151647871984,0.0,378.22069597069594,339.95146520146517,2.643529252744827,2.6337115113173337,-0.06651347034031325
88400,3.1500652885587153,2.8499347114412847,63.0013057711743,56.9986942288257,7.734375,7.368217436613009,0.0,0.0,379.8608058608059,340.1336996336996,2.643083529146292,2.6337115113173337,-0.043151054115267526
88433,3.147755593078435,2.852244406921565,62.955111861568696,57.044888138431304,7.734375,7.368217436613009,0.0,0.0,380.58974358974365,341.2271062271062,2.643177956416253,2.6340164239289376,-0.04619390960560385
88466,3.1452929591952943,2.8547070408047057,62.90585918390589,57.09414081609411,7.734375,7.368217436613009,0.0,0.0,378.94963369963375,341.04487179487177,2.643177956416253,2.6337279406424923,-0.04925267766280337
88500,3.1426776383908925,2.8573223616091075,62.85355276781785,57.14644723218215,7.734375,7.368217436613009,0.0,0.0,379.6785714285715,341.40934065934067,2.6442735948934177,2.6337971490450576,-0.05230641608803862
88533,3.1399104843524266,2.8600895156475734,62.798209687048534,57.201790312951466,7.734375,7.368217436613009,0.0,0.0,380.2252747252748,342.13827838827837,2.6432627406293485,2.6337971490450576,-0.0553430807693209
88566,3.136990732808363,2.863009267191637,62.739814656167255,57.260185343832745,7.734375,7.368217436613009,0.0,0.0,379.8608058608059,340.315934065934,2.643270926907252,2.6342309268492667,-0.058395030881279675
88600,3.133918423514267,2.866081576485733,62.678368470285335,57.321631529714665,7.734375,7.368217436613009,0.0,0.0,379.6785714285715,340.1336996336996,2.643270926907252,2.6337362280595324,-0.061446185881922945
88633,3.130692865690995,2.869307134309005,62.613857313819906,57.386142686180094,7.734375,7.368217436613009,0.0,0.0,380.4075091575092,341.95604395604397,2.6443751071550192,2.6337197986568275,-0.06451115646542764
88666,3.1273148857287305,2.8726851142712695,62.546297714574614,57.453702285425386,7.734375,7.368217436613009,0.0,0.0,378.94963369963375,340.1336996336996,2.643357031312348,2.6337197986568275,-0.06755959924529462
88700,3.123784203924266,2.876215796075734,62.47568407848533,57.52431592151467,7.734375,7.368217436613009,0.0,0.0,379.3141025641026,341.2271062271062,2.6435492829852767,2.6346579747236634,-0.07061363608928484
88733,3.120101645235173,2.879898354764827,62.40203290470346,57.59796709529654,7.734375,7.368217436613009,0.0,0.0,379.3141025641026,341.04487179487177,2.6435492829852767,2.6337115113173337,-0.07365117378187132
88766,3.116266066947781,2.883733933052219,62.32532133895562,57.67467866104438,7.734375,7.368217436613009,0.0,0.0,379.13186813186815,340.4981684981685,2.644449416665839,2.6336505933030305,-0.07671156574784141
88800,3.1122778582692776,2.8877221417307224,62.24555716538555,57.75444283461445,7.734375,7.368217436613009,0.0,0.0,378.94963369963375,340.8626373626373,2.6435492829852767,2.6336505933030305,-0.07976417357006986
88833,3.108137494106012,2.891862505893988,62.16274988212024,57.83725011787976,7.734375,7.368217436613009,0.0,0.0,379.13186813186815,343.96062271062266,2.6431400971972283,2.6346546289178194,-0.08280728326531203
88866,3.1078696234009304,2.8921303765990696,62.157392468018614,57.842607531981386,7.55859375,7.368217436613009,-5.267105806834468,0.0,376.3983516483516,343.96062271062266,2.640669314154257,2.6396783237533916,-0.005357414101620835
88900,3.1169642548332295,2.8830357451667705,62.3392850966646,57.6607149033354,7.03125,7.368217436613009,-15.8008008808822,0.0,374.94047619047615,345.782967032967,2.640669314154257,2.640449208010162,0.1818926286459841
88933,3.120311781406918,2.879688218593082,62.40623562813836,57.59376437186164,6.943359375,7.368217436613009,-2.6337896596699775,0.0,374.94047619047615,347.9697802197802,2.643340511804912,2.640449208010162,0.06695053147376612
88966,3.1225192355125073,2.8774807644874927,62.45038471025015,57.54961528974985,6.943359375,7.368217436613009,0.0,0.0,373.8470695970696,348.1520146520146,2.643562295453248,2.6414819601520487,0.04414908211178768
89000,3.124903300437706,2.875096699562294,62.49806600875412,57.50193399124588,6.943359375,7.368217436613009,0.0,0.0,373.8470695970696,346.69413919413915,2.6435045442216945,2.640624648480253,0.04768129850397481
89033,3.1274644381200614,2.8725355618799386,62.549288762401225,57.450711237598775,6.943359375,7.368217436613009,0.0,0.0,375.30494505494505,347.78754578754575,2.6435045442216945,2.640604651470592,0.05122275364710141
89066,3.1302025506032356,2.8697974493967644,62.604051012064716,57.395948987935284,6.943359375,7.368217436613009,0.0,0.0,375.48717948717945,346.8763736263736,2.6437415556326997,2.640604651470592,0.054762249663488916
89100,3.133117545836415,2.866882454163585,62.66235091672831,57.33764908327169,6.943359375,7.368217436613009,0.0,0.0,375.6694139194139,346.32967032967025,2.6437864466398615,2.6413711227012873,0.05829990466358861
89133,3.136210366372524,2.863789633627476,62.72420732745048,57.27579267254952,6.943359375,7.368217436613009,0.0,0.0,374.75824175824175,347.9697802197802,2.6436093750725806,2.640652819835477,0.06185641072217297
89166,3.1394797567188215,2.8605202432811785,62.78959513437643,57.21040486562357,6.943359375,7.368217436613009,0.0,0.0,373.8470695970696,347.058608058608,2.6436093750725806,2.640571664199255,0.06538780692594844
89200,3.1427091532301406,2.8572908467698594,62.85418306460281,57.14581693539719,6.943359375,7.36535995061997,0.0,-0.38834762878121476,374.75824175824175,346.32967032967025,2.6443184994524414,2.640571664199255,0.06458793022637913
89233,3.145455906044045,2.854544093955955,62.9091181208809,57.0908818791191,6.943359375,7.337746586061006,0.0,-1.2681507742283729,374.75824175824175,347.24084249084245,2.6438725762359314,2.641011934637607,0.054935056278088104
89266,3.1474732402016397,2.8525267597983603,62.949464804032786,57.050535195967214,6.943359375,7.28054870846756,0.0,-2.1510522298674246,374.3937728937729,345.96520146520146,2.6439668995522614,2.6405503541667725,0.04034668315188572
89300,3.148512899787398,2.851487100212602,62.970257995747964,57.029742004252036,6.943359375,7.194662724763946,0.0,-3.026542710517948,375.30494505494505,346.8763736263736,2.6439668995522614,2.640571664199255,0.02079319171518121
89333,3.148302179223774,2.851697820776226,62.966043584475486,57.033956415524514,6.943359375,7.07906809598226,0.0,-3.9065168847855687,376.0338827838828,347.058608058608,2.6449935220623595,2.640571664199255,-0.004214411272477153
89366,3.1465539364398802,2.8534460635601198,62.93107872879761,57.06892127120239,6.943359375,6.933508155208219,0.0,-4.789917783530939,374.3937728937729,346.14743589743586,2.644134354152543,2.640742299720488,-0.03496485567787638
89400,3.1429863286493234,2.8570136713506766,62.859726572986474,57.140273427013526,6.943359375,6.75961834834579,0.0,-5.667535528811445,374.029304029304,346.51190476190476,2.644097790655234,2.6405103620624266,-0.07135215581113642
89433,3.1372961496978,2.8627038503022,62.74592299395601,57.25407700604399,6.943359375,6.5565526049223415,0.0,-6.545110259597275,375.6694139194139,347.058608058608,2.644097790655234,2.6405503541667725,-0.11380357903046966
89466,3.129151608749712,2.870848391250288,62.583032174994244,57.416967825005756,6.943359375,6.322778572570649,0.0,-7.428103101224782,374.3937728937729,346.69413919413915,2.6454218726174643,2.640432715753597,-0.16289081896176566
89500,3.1182315491036547,2.8817684508963453,62.364630982073095,57.635369017926905,6.943359375,6.060434624977197,0.0,-8.307998609112685,375.30494505494505,346.14743589743586,2.644335028128615,2.640432715753597,-0.21840119292114768
89533,3.1041944386445692,2.8958055613554308,62.083888772891385,57.916111227108615,6.943359375,5.768759173302641,0.0,-9.187874588914807,374.5760073260073,346.69413919413915,2.6443986576648837,2.64081660213502,-0.2807422091817088
89566,3.0866976925988996,2.9133023074011004,61.733953851977994,58.266046148022006,6.943359375,5.448760258474285,0.0,-10.065093565998684,374.94047619047615,345.96520146520146,2.6443986576648837,2.64047737655791,-0.3499349209133929
89600,3.0653719765258467,2.9346280234741533,61.30743953051693,58.69256046948307,6.943359375,5.099106811409797,0.0,-10.943504915558313,374.3937728937729,345.96520146520146,2.645426702581437,2.64051868151294,-0.42651432146106405
89633,3.03981923274043,2.96018076725957,60.796384654808605,59.203615345191395,6.943359375,4.718359547217493,0.0,-11.826054998234225,376.2161172161172,347.24084249084245,2.6444163573234682,2.64051868151294,-0.5110548757083266
89666,3.009678421413784,2.990321578586216,60.19356842827568,59.80643157172432,6.943359375,4.310853836200146,0.0,-12.702878611503998,371.478021978022,346.8763736263736,2.643688477513122,2.64099543710858,-0.602816226532921
89700,2.9785307060834287,3.0214692939165713,59.57061412166858,60.42938587833142,6.767578125,3.8710170728781774,-5.253172546784974,-13.585913966199545,366.9221611721612,350.3388278388278,2.643688477513122,2.6404210399131642,-0.6229543066071063
89733,2.968088339520491,3.031911660479509,59.36176679040982,60.63823320959018,5.537109375,3.4150398622722102,-36.91373839630563,-13.684748584663218,362.91300366300374,357.2637362637363,2.6303721378822984,2.6407552914685155,-0.20884733125876226
89766,2.9649666419206118,3.0350333580793882,59.299332838412234,60.700667161587766,4.21875,2.9600349449555066,-39.65103651517485,-13.684748584663218,357.44597069597074,361.2728937728938,2.641061428152196,2.6407552914685155,-0.062433951997586
89800,2.9418949401578773,3.0581050598421227,58.83789880315754,61.16210119684246,4.04296875,2.5027441820272016,-5.260377875870129,-13.684748584663218,355.441391941392,365.4642857142857,2.6474253931613028,2.639470010952727,-0.46143403525468846
89833,2.913966959308014,3.086033040691986,58.27933918616028,61.72066081383972,3.955078125,2.047602417228108,-2.6426076424887817,-13.684748584663218,354.1657509157509,367.6510989010989,2.6474253931613028,2.643925513661756,-0.5585596169972641
89866,2.894416779985864,3.105583220014136,57.88833559971728,62.11166440028272,3.33984375,1.5916464236021124,-18.465220021701246,-13.684748584663218,350.88553113553104,369.10897435897436,2.6430304708420724,2.646487126641993,-0.3910035864429956
89900,2.8753550521492564,3.1246449478507436,57.50710104298513,62.49289895701487,2.724609375,1.1341886382602908,-18.404600407502752,-13.684748584663218,348.88095238095235,371.8424908424908,2.6430670122026387,2.646487126641993,-0.3812345567321563
89933,2.8529076588374362,3.1470923411625638,57.058153176748725,62.941846823251275,2.28515625,0.678858585011477,-13.207574346258564,-13.684748584663218,346.51190476190476,375.85164835164835,2.6420698511232215,2.647109798672766,-0.4489478662364045
89966,2.8316538394650705,3.1683461605349295,56.63307678930141,63.36692321069859,1.7578125,0.22243553091449453,-15.811135243203774,-13.684748584663218,343.23168498168496,377.67399267399264,2.642172405250859,2.646229684992359,-0.42507638744731324
90000,2.8063087854147972,3.1936912145852028,56.12617570829594,63.87382429170406,1.40625,-0.23330885544787305,-10.556453503895364,-13.684748584663218,340.6804029304029,379.8608058608059,2.642172405250859,2.646171846331597,-0.5069010810054766
90033,2.7794529513840835,3.2205470486159156,55.58905902768168,64.41094097231831,1.0546875,-0.6892200041976158,-10.552592182685432,-13.684748584663218,338.8580586080586,382.5943223443224,2.641220430006563,2.646171846331597,-0.5371166806142612
90066,2.7570820474957163,3.242917952504284,55.141640949914326,64.85835905008568,0.439453125,-1.145378751055191,-18.45701260913479,-13.684748584663218,334.8489010989011,385.5100732600733,2.6395394458129973,2.6471594637013185,-0.44741807776735215
90100,2.733289278470204,3.266710721529796,54.66578556940408,65.33421443059592,-0.087890625,-1.601789379407403,-15.811565700162586,-13.684748584663218,331.2042124542124,388.2435897435897,2.6391971118210558,2.6459674494473178,-0.47585538051024723
90133,2.7094570022490725,3.2905429977509275,54.18914004498144,65.81085995501856,-0.615234375,-2.057069770699835,-15.850818033162819,-13.684748584663218,329.3818681318681,392.98168498168496,2.6391971118210558,2.645660459375648,-0.476645524422637
90166,2.6875854338229397,3.3124145661770603,53.75170867645879,66.24829132354121,-1.23046875,-2.5132617030764965,-18.4556699603488,-13.684748584663218,324.8260073260073,394.8040293040293,2.6369433387708665,2.645660459375648,-0.43743136852265513
90200,2.6664339701352673,3.3335660298647327,53.32867940270535,66.67132059729465,-1.845703125,-2.9696062067258553,-18.44949961090484,-13.684748584663218,323.36813186813185,396.9908424908425,2.635505687209283,2.646397354610969,-0.4230292737534397
90233,2.6421765822562735,3.3578234177437265,52.843531645125466,67.15646835487453,-2.28515625,-3.4254589200787127,-13.14642787806149,-13.394592754542016,321.54578754578756,399.72435897435895,2.6337279406424923,2.6435658044498216,-0.4851477575798807
90266,2.615935717274415,3.384064282725585,52.3187143454883,67.6812856545117,-2.63671875,-3.8579114694068757,-10.531050411774775,-12.513628956678014,317.17216117216117,403.0045787545788,2.6337279406424923,2.6435045442216945,-0.5248172996371671
90300,2.593306348923051,3.4066936510769494,51.86612697846102,68.13387302153899,-3.1640625,-4.258711641360414,-15.888316240397703,-11.637751926108965,315.1675824175824,404.64468864468864,2.631448351703609,2.6435045442216945,-0.4525873670272855
90333,2.5698369804951664,3.4301630195048336,51.396739609903335,68.60326039009666,-3.603515625,-4.631799049071883,-13.19010240703173,-10.758543990495394,313.34523809523813,409.20054945054943,2.628523910151286,2.6437415556326997,-0.46938736855768315
90366,2.5491490139902027,3.4508509860097973,50.98298027980405,69.01701972019595,-4.130859375,-4.975658024456136,-15.825044028682274,-9.879164999564376,308.97161172161174,411.3873626373626,2.6272869493523117,2.641432454815884,-0.41375933009928634
90400,2.53221075825971,3.4677892417402902,50.644215165194204,69.3557848348058,-4.74609375,-5.2911942747416605,-18.402337847210596,-8.996908629436591,305.32692307692304,414.66758241758237,2.6272869493523117,2.6367022891983587,-0.3387651146098516
90433,2.5140942071533545,3.4859057928466455,50.281884143067096,69.71811585693291,-5.185546875,-5.5765106182242405,-13.179692560736173,-8.117006260365685,305.32692307692304,417.2188644688644,2.627032448982567,2.6367022891983587,-0.36233102212710816
90466,2.4936840053420224,3.5063159946579776,49.873680106840446,70.12631989315955,-5.44921875,-5.832299354304444,-7.914008709945173,-7.237792466230377,301.86446886446885,418.67673992673986,2.624033523299231,2.6358918477157878,-0.40820403622664775
90500,2.473858592213216,3.526141407786784,49.47717184426432,70.52282815573568,-5.712890625,-6.0583823376054795,-7.929461078579964,-6.3602920212774565,299.6776556776557,420.68131868131866,2.6212818107695033,2.6347650438758548,-0.39650826257612576
90533,2.45885222028828,3.5411477797117197,49.1770444057656,70.8229555942344,-6.15234375,-6.25622368883885,-13.148153821301278,-5.47827901280246,297.4908424908425,425.60164835164835,2.6212818107695033,2.633877992566183,-0.3001274384987175
90566,2.4464278391737677,3.5535721608262323,48.92855678347536,71.07144321652464,-6.591796875,-6.423788108409809,-13.216710464857957,-4.600841110333996,295.3040293040293,424.14377289377285,2.6189905322665066,2.632049309657314,-0.24848762229023752
90600,2.4328509346257645,3.5671490653742355,48.65701869251529,71.3429813074847,-6.85546875,-6.562444177132859,-7.913001448621786,-3.7215153993671826,293.6639194139195,427.970695970696,2.6167267343689837,2.632049309657314,-0.2715380909600689
90633,2.4210380823412363,3.5789619176587633,48.42076164682472,71.57923835317527,-7.119140625,-6.672249819480577,-7.875561664396911,-2.8380094449733115,292.75274725274727,428.5173992673993,2.613657465786351,2.6301746472914562,-0.23625704569056263
90666,2.4093129090729324,3.5906870909270676,48.186258181458655,71.81374181854135,-7.294921875,-6.752085415065349,-5.281850907584569,-1.959768622903513,290.930402930403,429.9752747252747,2.613657465786351,2.62983747009697,-0.2345034653660666
90700,2.40328245629844,3.59671754370156,48.0656491259688,71.9343508740312,-7.646484375,-6.8026440716667524,-10.578058057043105,-1.0827197244927858,290.2014652014652,430.3397435897436,2.612753325185583,2.6283777943211333,-0.1206090554898574
90733,2.3966073388739066,3.603392661126094,47.93214677747813,72.06785322252188,-7.822265625,-6.82409510229344,-5.2569604508454795,-0.20032064112491788,289.8369963369964,433.61996336996333,2.610612964256903,2.6283777943211333,-0.13350234849066783
90766,2.3925241751153394,3.6074758248846606,47.85048350230679,72.14951649769321,-7.998046875,-6.810277120563264,-5.274062212974631,1.1328055668583015,287.28571428571433,433.0732600732601,2.6101071164505014,2.627761574712721,-0.08166327517134676
90800,2.3895384607595704,3.610461539240429,47.79076921519141,72.20923078480858,-8.0859375,-6.748148607832022,-2.639245405086324,2.598477303203916,288.01465201465203,433.43772893772893,2.6101071164505014,2.6272065539476777,-0.059714287115373965
90833,2.3894183396132505,3.610581660386749,47.78836679226501,72.21163320773499,-8.173828125,-6.6369825779565375,-2.6347971398371275,4.0666234982290765,288.01465201465203,433.43772893772893,2.6091038898780603,2.6264332083106243,-0.002402422926400069
90866,2.390621017990733,3.609378982009267,47.81242035981465,72.18757964018535,-8.173828125,-6.47700273029761,0.0,5.533496593899779,287.1034798534799,432.7087912087912,2.6074586239913047,2.6264332083106243,0.024053567549644723
90900,2.3949096661608196,3.6050903338391804,47.8981933232164,72.10180667678361,-8.173828125,-6.26868093932034,0.0,6.996929425235521,287.1034798534799,433.61996336996333,2.6068142394785174,2.626607253706683,0.08577296340174545
90933,2.402780194738524,3.597219805261476,48.05560389477048,71.94439610522952,-8.173828125,-6.009937712308145,0.0,8.469520861132327,287.83241758241763,434.16666666666663,2.6068142394785174,2.6255863956939254,0.15741057155408045
90966,2.4147022399181055,3.5852977600818945,48.29404479836211,71.70595520163789,-8.173828125,-5.704092658623854,0.0,9.932505427243994,287.28571428571433,434.16666666666663,2.6073711168767106,2.625061577527725,0.23844090359163211
91000,2.4311979305302174,3.5688020694697826,48.62395861060435,71.37604138939565,-8.173828125,-5.3488359346209835,0.0,11.398508047945139,287.28571428571433,431.61538461538464,2.6070544953714756,2.625061577527725,0.3299138122422359
91033,2.4528067849499835,3.5471932150500165,49.05613569899967,70.94386430100033,-8.173828125,-4.944353436209003,0.0,12.865861229606923,289.1080586080587,432.7087912087912,2.607098312005433,2.6251861479101417,0.4321770883953242
91066,2.4801010639702548,3.5198989360297452,49.60202127940509,70.3979787205949,-8.173828125,-4.489655003972514,0.0,14.337190129306627,288.1968864468865,432.1620879120879,2.607294784480583,2.62385655296744,0.545885580405424
91100,2.513619420888793,3.486380579111207,50.27238841777586,69.72761158222414,-8.173828125,-3.989003468071513,0.0,15.799514511052745,288.9258241758242,431.79761904761904,2.607294784480583,2.623225591275834,0.6703671383707638
91133,2.553982650583931,3.446017349416069,51.07965301167862,68.92034698832137,-8.173828125,-3.437523829765369,0.0,17.267553932398553,293.84615384615387,429.61080586080584,2.60724580748528,2.623225591275834,0.8072645939027654
91166,2.585683144453207,3.4143168555467924,51.713662889064146,68.28633711093585,-7.470703125,-2.8377192534431015,21.101583541518714,18.73408553668465,300.4065934065934,421.41025641025635,2.6257898828398756,2.620838382247494,0.634009877385523
91200,2.5895205057333306,3.4104794942666694,51.790410114666614,68.20958988533339,-5.44921875,-2.1868219815789303,60.4670670605031,20.205467471049403,307.69597069597063,414.66758241758237,2.622776756887782,2.6151602791041113,0.07674722560246544
91233,2.6050468777856417,3.3949531222143583,52.10093755571283,67.89906244428717,-4.306640625,-1.488238729373308,34.248122567082945,21.673795436858214,312.434065934066,409.9294871794872,2.622776756887782,2.631683743526847,0.3105274410462151
91266,2.640640536599628,3.359359463400372,52.81281073199257,67.18718926800743,-4.130859375,-0.7638067679460896,5.2952722904995175,21.831450733887092,314.8031135531136,405.3736263736264,2.6250369827977207,2.631683743526847,0.7118731762797406
91300,2.676036046679363,3.323963953320637,53.520720933587256,66.47927906641274,-3.69140625,-0.03288626065718514,13.125776541522209,21.831450733887092,317.3543956043956,403.55128205128204,2.6342357261973177,2.630908420332466,0.7079102015946863
91333,2.7091291572679883,3.2908708427320117,54.182583145359764,65.81741685464024,-2.98828125,0.6933024979640008,21.138083748927567,21.831450733887092,322.6391941391941,400.0888278388278,2.634398911835413,2.6294115936617883,0.6618622117725086
91366,2.7439884025684567,3.2560115974315433,54.87976805136914,65.12023194863086,-2.28515625,1.4216416544956596,21.075674237208382,21.831450733887092,325.73717948717945,395.35073260073256,2.634398911835413,2.629849075807509,0.6971849060093733
91400,2.7785850130426244,3.2214149869573756,55.571700260852495,64.4282997391475,-1.494140625,2.1501704171275566,23.70396274340085,21.831450733887092,330.65750915750914,390.9771062271062,2.6372968893790647,2.629849075807509,0.6919322094833585
91433,2.8182081990462144,3.1817918009537856,56.36416398092429,63.63583601907571,-0.87890625,2.877629438787882,18.463526532327364,21.831450733887092,334.8489010989011,386.7857142857143,2.6373250074979118,2.633321032964406,0.7924637200717922
91466,2.860239209687652,3.139760790312348,57.204784193753035,62.795215806246965,-0.263671875,3.60310747455112,18.51394292519934,21.831450733887092,337.4001831501832,381.86538461538464,2.6413594406359358,2.633573103990701,0.8406202128287492
91500,2.900817736086714,3.099182263913286,58.016354721734274,61.983645278265726,0.52734375,4.332558004696937,23.674009316944833,21.831450733887092,342.68498168498166,376.5805860805861,2.6413594406359358,2.6332716115167543,0.8115705279812359
91533,2.9403806434716904,3.0596193565283096,58.807612869433804,61.192387130566196,1.40625,5.058228484718273,26.44147588312577,21.831450733887092,349.06318681318675,372.57142857142856,2.644506028572364,2.6332716115167543,0.7912581476995283
91566,2.9823612841385874,3.0176387158614126,59.647225682771754,60.352774317228246,2.197265625,5.78753265685714,23.67876025757085,21.831450733887092,352.1611721611721,367.28663003663,2.644477795533866,2.6339637838265144,0.839612813337949
91600,3.025271188204467,2.974728811795533,60.50542376408934,59.49457623591066,2.98828125,6.513736784815951,23.779840931862484,21.831450733887092,357.6282051282052,361.2728937728938,2.6469042677083103,2.6350289622906584,0.8581980813175871
91633,3.069219770791467,2.930780229208533,61.38439541582934,58.61560458417066,3.779296875,7.243216831168127,23.673051419675616,21.831450733887092,363.459706959707,357.0815018315019,2.6469042677083103,2.634814507372948,0.8789716517399978
91666,3.1100560604409524,2.8899439395590476,62.20112120881905,57.79887879118095,4.74609375,7.971018279056137,29.000462155560545,21.831450733887092,368.38003663003667,351.79670329670324,2.64833102595949,2.634704089305635,0.8167257929897134
91700,3.150354989373659,2.849645010626341,63.00709978747318,56.99290021252682,5.712890625,8.699186014983052,28.985874139797126,21.831450733887092,374.029304029304,345.782967032967,2.6473474416421245,2.634704089305635,0.8059785786541251
91733,3.1919307041136102,2.8080692958863898,63.83861408227221,56.16138591772779,6.591796875,9.4242159352861,26.46478645460401,21.820435076219425,378.03846153846155,342.5027472527472,2.646745924111414,2.6347122358560418,0.83151429479903
91766,3.2326615998733708,2.767338400126629,64.65323199746742,55.34676800253258,7.470703125,10.129021282561304,26.293204994891724,20.349230863470698,382.5943223443224,336.3067765567765,2.646745924111414,2.634463346704,0.8146179151952133
91800,3.275934976287246,2.724065023712754,65.51869952574492,54.48130047425508,8.173828125,10.78124381472498,21.148644903677443,18.885962682220022,388.6080586080586,330.83974358974353,2.646556838580244,2.6308262619647174,0.8654675282775055
91833,3.3148195368211555,2.6851804631788445,66.2963907364231,53.703609263576894,9.052734375,11.387465418293298,26.31548021229463,17.41600379706626,394.07509157509156,327.37728937728934,2.644988693284675,2.6308262619647174,0.7776912106781827
91866,3.3513443657056916,2.6486556342943084,67.02688731411384,52.973112685886164,9.931640625,11.943017659056611,26.393496273643883,15.950389936966243,397.53754578754575,320.99908424908426,2.6419968105136054,2.629058177379833,0.7304965776907308
91900,3.389098696399474,2.610901303600526,67.78197392798947,52.21802607201053,10.634765625,12.451117328292987,21.05574690358114,14.480665813389455,403.0045787545788,317.3543956043956,2.6419968105136054,2.6263282392099176,0.7550866138756358
91933,3.4249371554668677,2.5750628445331323,68.49874310933735,51.501256890662646,11.337890625,12.90993417030683,21.065618129855537,13.011630393998574,407.5604395604396,312.434065934066,2.6414854650073614,2.619583910305521,0.7167691813478826
91966,3.456345373448829,2.5436546265511706,69.12690746897658,50.87309253102341,12.12890625,13.319278901620198,23.725845295539393,11.544268277877013,411.7518315018315,308.4249084249084,2.638050260653766,2.619583910305521,0.6281643596392339
92000,3.486060911920006,2.513939088079994,69.72121823840011,50.27878176159989,12.83203125,13.678133047502268,21.188559693387337,10.083756586099383,415.03205128205127,304.051282051282,2.6344566558401588,2.617572433345235,0.594310769423527
92033,3.516395370861622,2.483604629138378,70.32790741723244,49.67209258276756,13.359375,13.990493603366494,15.782576516841402,8.613172594422,419.9523809523809,301.5,2.6344566558401588,2.6139538708030927,0.6066891788323234
92066,3.5441317844040663,2.455868215595934,70.88263568808132,49.117364311918685,13.88671875,14.25280857299949,15.842890203336786,7.148187097760413,422.6858974358974,296.76190476190476,2.6327162973228195,2.6079913523364238,0.5547282708488782
92100,3.570853983401678,2.4291460165983225,71.41707966803355,48.58292033196645,14.326171875,14.467228873409326,13.142030108782276,5.6764710221253205,426.87728937728934,295.48626373626377,2.62929817944175,2.6079913523364238,0.5344439799522316
92133,3.5946857256173814,2.405314274382618,71.89371451234763,48.106285487652364,14.765625,14.631582428498952,13.22229249090456,4.213688604410696,429.9752747252747,291.4771062271063,2.627117761149822,2.604825601111134,0.4766348443140832
92166,3.6152063894713904,2.3847936105286096,72.30412778942781,47.69587221057219,15.205078125,14.747868729541613,13.143180180215511,2.742101308765927,432.5265567765568,288.37912087912093,2.6251501214178075,2.600256423115555,0.4104132770801804
92200,3.6318235514581305,2.3681764485418695,72.6364710291626,47.363528970837386,15.64453125,14.814746166238347,13.206773353307716,1.2775999911347637,434.7133699633699,287.28571428571433,2.6251501214178075,2.595818755508983,0.33234323973480384
92233,3.644134493178145,2.3558655068218552,72.8826898635629,47.117310136437105,16.083984375,14.833289416948652,13.185902469724498,0.0,438.1758241758241,284.3699633699633,2.6201480587224153,2.595818755508983,0.2462188344002897
92266,3.65447057396637,2.34552942603363,73.0894114793274,46.9105885206726,16.435546875,14.833289416948652,10.524080263698757,0.0,437.4468864468864,282.3653846153845,2.618325438767233,2.594872382114617,0.20672161576449818
92300,3.663344055719156,2.336655944280844,73.26688111438311,46.73311888561689,16.69921875,14.833289416948652,7.946339429737925,0.0,439.08699633699626,280.72527472527463,2.6155940653268153,2.59210152333966,0.1774696350557175
92333,3.6713857292086316,2.3286142707913684,73.42771458417263,46.572285415827366,16.875,14.833289416948652,5.271036806223663,0.0,441.82051282051276,279.99633699633694,2.6155940653268153,2.5892699046654992,0.16083346978952032
92366,3.679199081173739,2.3208009188262606,73.58398162347478,46.416018376525216,16.962890625,14.833289416948652,2.6303681731231507,0.0,440.1804029304029,279.6318681318681,2.614485283590215,2.5892699046654992,0.15626703930214922
92400,3.683410590393757,2.316589409606243,73.66821180787514,46.33178819212487,17.138671875,14.833289416948652,5.277754175214992,0.0,441.4560439560439,278.90293040293034,2.6133999132333914,2.5893940620789264,0.08423018440034655
92433,3.685274450208425,2.3147255497915746,73.7054890041685,46.294510995831494,17.314453125,14.833289416948652,5.26563340988882,0.0,442.18498168498166,278.90293040293034,2.6121947227073496,2.5876276439008947,0.03727719629336601
92466,3.686722313368118,2.313277686631882,73.73444626736236,46.265553732637635,17.40234375,14.833289416948652,2.645474078902149,0.0,442.18498168498166,276.8983516483516,2.6121947227073496,2.5869934270278514,0.02895726319386749
92500,3.6884224434759223,2.3115775565240777,73.76844886951844,46.231551130481556,17.40234375,14.833289416948652,0.0,0.0,442.5494505494505,277.80952380952374,2.610722014811928,2.5869934270278514,0.03400260215608436
92533,3.68703884495935,2.3129611550406506,73.740776899187,46.25922310081301,17.490234375,14.833289416948652,2.625605454964055,0.0,443.64285714285705,278.35622710622704,2.610547680681198,2.587163425236622,-0.02767197033144494
92566,3.6858652879848033,2.314134712015196,73.71730575969607,46.28269424030392,17.490234375,14.833289416948652,0.0,0.0,441.82051282051276,277.6272893772893,2.610196769620059,2.586084129206956,-0.023471139490915394
92600,3.683580988528112,2.316419011471888,73.67161977056223,46.32838022943777,17.490234375,14.833289416948652,0.0,0.0,442.5494505494505,277.2628205128205,2.610196769620059,2.5861084614660244,-0.04568598913384059
92633,3.6801933036367633,2.319806696363237,73.60386607273526,46.39613392726474,17.490234375,14.833289416948652,0.0,0.0,442.36721611721606,278.72069597069594,2.6100682442717864,2.5861084614660244,-0.06775369782697377
92666,3.675694787720638,2.3243052122793624,73.51389575441276,46.48610424558725,17.490234375,14.833289416948652,0.0,0.0,442.0027472527472,278.17399267399264,2.6094973105931634,2.5866264522268607,-0.08997031832250546
92700,3.6700889845796723,2.3299110154203277,73.40177969159345,46.59822030840655,17.490234375,14.833289416948652,0.0,0.0,441.82051282051276,279.0851648351648,2.6085923179763904,2.586364678364068,-0.11211606281930858
92733,3.6633795389113994,2.3366204610886006,73.26759077822798,46.732409221772016,17.490234375,14.833289416948652,0.0,0.0,441.63827838827837,280.3608058608058,2.6085923179763904,2.586701878773728,-0.13418891336546745
92766,3.65556013615394,2.34443986384606,73.1112027230788,46.888797276921196,17.490234375,14.833289416948652,0.0,0.0,441.09157509157507,278.53846153846143,2.6083325045297046,2.586874678852836,-0.15638805514918058
92800,3.6466338963910965,2.3533661036089035,72.93267792782193,47.06732207217807,17.490234375,14.833289416948652,0.0,0.0,441.09157509157507,279.8141025641025,2.607431268593471,2.586874678852836,-0.17852479525687853
92833,3.6366010484189313,2.3633989515810687,72.73202096837863,47.26797903162137,17.490234375,14.833289416948652,0.0,0.0,442.5494505494505,280.1785714285714,2.606640153458738,2.58719046229958,-0.20065695944329956
92866,3.625464356190841,2.3745356438091587,72.50928712381682,47.490712876183174,17.490234375,14.833289416948652,0.0,0.0,440.9093406593406,279.99633699633694,2.606640153458738,2.5871174207371244,-0.22273384456181075
92900,3.613219151587391,2.3867808484126085,72.26438303174783,47.735616968252174,17.490234375,14.833289416948652,0.0,0.0,441.27380952380946,279.99633699633694,2.606454061046307,2.587365859612932,-0.24490409206898925
92933,3.5998658331836877,2.400134166816312,71.99731666367376,48.002683336326236,17.490234375,14.833289416948652,0.0,0.0,441.27380952380946,280.72527472527463,2.6058485397721993,2.587365859612932,-0.2670663680740639
92966,3.5854035823415997,2.4145964176584003,71.708071646832,48.291928353168004,17.490234375,14.833289416948652,0.0,0.0,439.63369963369956,280.90750915750914,2.6057529579697776,2.587803085674648,-0.28924501684176274
93000,3.5738777614038075,2.4261222385961925,71.47755522807616,48.522444771923844,17.314453125,14.833289416948652,-5.295257455354275,0.0,439.45146520146517,284.3699633699633,2.6057529579697776,2.5907378292961263,-0.23051641875584244
93033,3.5767822641933287,2.4232177358066713,71.53564528386657,48.46435471613343,16.5234375,14.833289416948652,-23.70088530646485,0.0,435.9890109890109,288.9258241758242,2.6064652260290706,2.6004167467712422,0.0580900557904189
93066,3.5832489775493768,2.4167510224506232,71.66497955098754,48.33502044901247,15.8203125,14.833289416948652,-21.1006805189359,0.0,431.43315018315013,290.01923076923083,2.611538389103613,2.6004167467712422,0.1293342671209619
93100,3.578754466471028,2.421245533528972,71.57508932942056,48.42491067057944,15.8203125,14.833289416948652,0.0,0.0,430.70421245421244,291.65934065934067,2.6161636905084324,2.6007188916083384,-0.08989022156698248
93133,3.573847248186139,2.4261527518138606,71.47694496372279,48.52305503627721,15.8203125,14.833289416948652,0.0,0.0,430.70421245421244,292.75274725274727,2.6161636905084324,2.601216874996284,-0.09814436569777996
93166,3.5705476530400775,2.429452346959923,71.41095306080155,48.58904693919846,15.732421875,14.833289416948652,-2.6440783833689534,0.0,428.3351648351648,292.20604395604397,2.6162191086485813,2.603522731383056,-0.06599190292124801
93200,3.5675661784338053,2.4324338215661947,71.35132356867611,48.64867643132389,15.64453125,14.833289416948652,-2.6377345942939625,0.0,428.88186813186815,292.9349816849817,2.61530227286143,2.603522731383056,-0.05962949212543878
93233,3.5649364508228403,2.4350635491771597,71.2987290164568,48.701270983543196,15.556640625,14.833289416948652,-2.6277250195606934,0.0,428.88186813186815,293.6639194139195,2.6153186741011973,2.6045204526530332,-0.05259455221930763
93266,3.5606924350605254,2.439307564939474,71.21384870121051,48.786151298789484,15.556640625,14.833289416948652,0.0,0.0,427.78846153846155,293.29945054945057,2.6155858633923303,2.6038578617480033,-0.08488031524628817
93300,3.5581548875202036,2.4418451124797964,71.16309775040408,48.83690224959592,15.46875,14.833289416948652,-2.6262403924229876,0.0,427.05952380952385,294.02838827838826,2.6155858633923303,2.60386901005332,-0.050750950806432424
93333,3.554040380846893,2.445959619153107,71.08080761693786,48.91919238306214,15.46875,14.833289416948652,0.0,0.0,427.970695970696,295.1217948717949,2.6152860156444464,2.60386901005332,-0.08229013346621658
93366,3.5516765670033,2.4483234329967005,71.03353134006599,48.96646865993401,15.380859375,14.833289416948652,-2.6389489521111176,0.0,426.5128205128205,294.9395604395604,2.615157114228103,2.604773690629548,-0.0472762768718716
93400,3.5497753705648107,2.4502246294351893,70.99550741129622,49.00449258870379,15.29296875,14.833289416948652,-2.6298857805909504,0.0,425.7838827838828,294.39285714285717,2.6155550705089285,2.6041140049900497,-0.03802392876978061
93433,3.5463680870137706,2.4536319129862294,70.92736174027542,49.072638259724584,15.29296875,14.833289416948652,0.0,0.0,426.5128205128205,294.39285714285717,2.6155550705089285,2.6040133727805115,-0.06814567102080021
93466,3.54478440448558,2.45521559551442,70.8956880897116,49.1043119102884,15.205078125,14.833289416948652,-2.638461902694549,0.0,426.87728937728934,295.3040293040293,2.615414926591373,2.6040133727805115,-0.031673650563820016
93500,3.543643616977671,2.456356383022329,70.87287233955342,49.127127660446575,15.1171875,14.832815169685325,-2.6317713356412926,-0.18134262828425415,425.054945054945,294.9395604395604,2.6154425516057533,2.605305453263064,-0.02281575015817329
93533,3.5402895923034547,2.4597104076965453,70.8057918460691,49.19420815393091,15.1171875,14.80748050711034,0.0,-1.3377726702363661,425.4194139194139,296.03296703296706,2.6157278918130644,2.6043894869134765,-0.0670804934843308
93566,3.5377361364480606,2.4622638635519394,70.75472272896121,49.24527727103879,15.029296875,14.743589545806353,-2.6355477234893203,-2.4939824826314982,425.4194139194139,295.48626373626377,2.6157278918130644,2.604948447798232,-0.051069117107889535
93600,3.5323628697062475,2.4676371302937525,70.64725739412495,49.35274260587505,15.029296875,14.641586534047324,0.0,-3.645959256849937,424.3260073260073,296.57967032967036,2.6158814451757983,2.604948447798232,-0.10746533483625956
93633,3.5271358679921896,2.4728641320078104,70.54271735984379,49.45728264015621,14.94140625,14.50012770392393,-2.625810346201217,-4.80645667942369,424.3260073260073,296.03296703296706,2.61530227286143,2.6063125010118102,-0.10454003428115616
93666,3.520442156167641,2.479557843832359,70.40884312335282,49.591156876647176,14.853515625,14.321436055029944,-2.6471812838693123,-5.957585299704627,423.59706959706955,296.57967032967036,2.615527443711851,2.6057722742273945,-0.13387423649096825
93700,3.513904476207699,2.4860955237923004,70.27808952415398,49.72191047584601,14.677734375,14.102494946147987,-5.2492419593648005,-7.118608610317174,423.77930402930394,297.30860805860806,2.615527443711851,2.6068305609369884,-0.1307535991988354
93733,3.5039262603016987,2.4960737396983013,70.07852520603397,49.92147479396603,14.58984375,13.847105097936794,-2.6478459253412527,-8.269448283339795,423.41483516483515,299.4954212454212,2.6161914713300107,2.6068305609369884,-0.1995643181200091
93766,3.495443920193565,2.504556079806435,69.9088784038713,50.091121596128694,14.326171875,13.552167151506048,-7.90944969878438,-9.425247835135039,420.4990842490842,299.6776556776557,2.6182454543440112,2.608608656136759,-0.16964680216266842
93800,3.485511430374248,2.5144885696257515,69.71022860748496,50.28977139251503,14.0625,13.218829414715804,-7.912372663390255,-10.580620414980766,420.86355311355305,301.31776556776555,2.6188664026102844,2.6093821713420886,-0.19864979638632663
93833,3.4737735410392023,2.5262264589607977,69.47547082078405,50.52452917921595,13.798828125,12.846015839863481,-7.892714298325347,-11.738870678612086,419.9523809523809,302.2289377289377,2.6188664026102844,2.6097868413354752,-0.23475778670091627
93866,3.457893027006983,2.542106972993017,69.15786054013967,50.84213945986034,13.623046875,12.435489406281949,-5.273816160389436,-12.894484012964258,417.7655677655677,303.8690476190476,2.6205275297428194,2.611138335085245,-0.3176102806443951
93900,3.442827149661481,2.5571728503385187,68.85654299322962,51.14345700677037,13.271484375,11.987466686565849,-10.570689601134886,-14.047576669703265,415.3965201465201,305.69139194139194,2.621088807377647,2.611138335085245,-0.3013175469100371
93933,3.4275504702766013,2.5724495297233987,68.55100940553203,51.44899059446798,12.83203125,11.498918688835941,-13.156755678317642,-15.205630453416779,414.48534798534797,307.51373626373623,2.622784992669254,2.6119946805911898,-0.30553358769760186
93966,3.408458158057862,2.591541841942139,68.16916316115723,51.83083683884278,12.48046875,10.973030028801995,-10.551272453387526,-16.360845107344392,410.65842490842493,307.51373626373623,2.622784992669254,2.6133999132333914,-0.3818462443748045
94000,3.388505644097561,2.611494355902439,67.77011288195122,52.22988711804878,12.041015625,10.409366447463618,-13.205295861267478,-17.514642103242036,409.3827838827839,310.79395604395603,2.6253929166997425,2.616891607738185,-0.39905027920600594
94033,3.3663884044179873,2.6336115955820127,67.32776808835975,52.67223191164025,11.6015625,9.812849170684258,-13.166522959266066,-17.956831321734892,408.8360805860806,313.5274725274725,2.626295374316135,2.616891607738185,-0.442344793591477
94066,3.3442684697893856,2.6557315302106144,66.8853693957877,53.11463060421229,11.07421875,9.213373734800749,-15.796181462156285,-17.956831321734892,404.8269230769231,316.260989010989,2.628256185376088,2.620131756301087,-0.4423986925720343
94100,3.3208403643492095,2.6791596356507905,66.4168072869842,53.583192713015805,10.546875,8.61565374083583,-15.84257321644301,-17.956831321734892,401.5467032967033,318.0833333333333,2.628256185376088,2.621840153752716,-0.4685621088035111
94133,3.294027027870945,2.705972972129055,65.8805405574189,54.1194594425811,10.107421875,8.017511420187287,-13.192822789864053,-17.956831321734892,399.72435897435895,322.4569597069597,2.6302190480870986,2.624915605633708,-0.5362667295652999
94166,3.267063014506077,2.732936985493923,65.34126029012154,54.65873970987846,9.580078125,7.417631291221678,-15.7855249908837,-17.956831321734892,392.6172161172161,323.91483516483515,2.6315865915624292,2.624915605633708,-0.5392802672973595
94200,3.2407011624299447,2.7592988375700553,64.81402324859889,55.18597675140111,8.96484375,6.820495217512178,-18.501076022050174,-17.956831321734892,393.71062271062266,328.10622710622704,2.6312211218249653,2.6289085371388237,-0.5272370415226465
94233,3.211521774191151,2.788478225808849,64.23043548382302,55.76956451617698,8.4375,6.221057024111269,-15.797162862773899,-17.956831321734892,390.2481684981685,331.2042124542124,2.6312211218249653,2.629467578322003,-0.5835877647758662
94266,3.1829151394026205,2.8170848605973795,63.65830278805242,56.34169721194758,7.822265625,5.623875070701155,-18.499654639799612,-17.956831321734892,385.69230769230774,334.6666666666667,2.6345901870314523,2.633980215512281,-0.5721326957705999
94300,3.15545278135961,2.84454721864039,63.1090556271922,56.8909443728078,7.119140625,5.0229158618749805,-21.009574090322044,-17.956831321734892,383.32326007326014,339.40476190476187,2.635236749556134,2.633980215512281,-0.5492471608602204
94333,3.1260312004964352,2.8739687995035648,62.5206240099287,57.4793759900713,6.50390625,4.426708892589064,-18.52990733811763,-17.956831321734892,379.3141025641026,342.8672161172161,2.6369947572468644,2.6357168786903253,-0.588431617263494
94366,3.0958034209502134,2.9041965790497866,61.91606841900427,58.08393158099573,5.888671875,3.826681787002747,-18.411934714870558,-17.956831321734892,374.5760073260073,344.6895604395604,2.638727695996764,2.6351229582474707,-0.604555590924435
94400,3.0628540233820063,2.9371459766179937,61.25708046764013,58.74291953235987,5.361328125,3.2279951228957695,-15.816992986550083,-17.956831321734892,372.0247252747253,348.69871794871796,2.638727695996764,2.6368279804102133,-0.6589879513641368
94433,3.0284843260422587,2.9715156739577413,60.56968652084518,59.43031347915482,4.833984375,2.6307882095091077,-15.856184104804793,-17.956831321734892,368.01556776556777,353.07234432234424,2.6393393174715927,2.6368279804102133,-0.6873939467949453
94466,2.9945750151190462,3.0054249848809538,59.891500302380926,60.108499697619074,4.21875,2.030048487054613,-18.39009388303739,-17.956831321734892,363.8241758241759,355.9880952380953,2.639722965419085,2.639714649728865,-0.6781862184642555
94500,2.9619414617796305,3.0380585382203695,59.238829235592604,60.761170764407396,3.515625,1.4317871305480532,-21.104316509462613,-17.956831321734892,359.9972527472528,359.08608058608064,2.6402373015736194,2.6394781796176128,-0.6526710667883251
94533,2.927344790009052,3.072655209990948,58.54689580018104,61.45310419981896,2.900390625,0.8353539236753615,-18.51908221248501,-17.864753503875587,356.717032967033,364.735347985348,2.6402373015736194,2.6398818464161975,-0.6919334354115633
94566,2.8927345150556834,3.1072654849443166,57.85469030111367,62.14530969888633,2.28515625,0.2587720162844125,-18.445382620611483,-16.70832734502202,350.70329670329664,368.92673992673997,2.6403997317040115,2.6398818464161975,-0.6922054990673704
94600,2.8604587126617367,3.1395412873382633,57.20917425323473,62.79082574676527,1.58203125,-0.28006395252932714,-21.046923123335347,-15.550059746066264,347.4230769230769,371.6602564102564,2.639461696457768,2.642364527698927,-0.6455160478789451
94633,2.82962669484172,3.17037330515828,56.5925338968344,63.4074661031656,0.87890625,-0.7790384606013467,-21.098112456649815,-14.3946023959568,343.23168498168496,377.3095238095238,2.638646629091425,2.6417517083653435,-0.6166403564003293
94666,2.8026257005307444,3.1973742994692556,56.052514010614885,63.947485989385115,0.087890625,-1.2392607441181531,-23.74856040283884,-13.23978649195246,339.40476190476187,379.8608058608059,2.638646629091425,2.641788223209627,-0.5400198862195147
94700,2.7785471229274457,3.2214528770725543,55.57094245854891,64.42905754145109,-0.703125,-1.6617119881548832,-23.70771171725313,-12.08298082561531,334.48443223443223,383.68772893772893,2.638919442843547,2.641788223209627,-0.4815715520659741
94733,2.7538855586671134,3.2461144413328866,55.077711173342266,64.92228882665773,-1.318359375,-2.0443137385562,-18.502879349520384,-10.930148200508723,333.75549450549454,388.0613553113553,2.637980884545848,2.6425236472468403,-0.49323128520664805
94766,2.7255574145145314,3.2744425854854686,54.51114829029062,65.48885170970938,-1.669921875,-2.3900489761404486,-10.525597084775715,-9.77211560078417,329.9285714285714,390.2481684981685,2.6371465452031315,2.641690511184008,-0.5665628830516491
94800,2.6998994939098186,3.3001005060901822,53.99798987819637,66.00201012180364,-2.109375,-2.6961649958447214,-13.200117525062268,-8.617865976434848,326.6483516483516,393.89285714285717,2.6371465452031315,2.641674007296317,-0.51315841209425
94833,2.6799154806599925,3.3200845193400075,53.59830961319986,66.40169038680014,-2.724609375,-2.965022649912208,-18.39363684456185,-7.4581865094106545,325.0082417582417,398.44871794871796,2.635802759811981,2.641674007296317,-0.3996802649965081
94866,2.663539650582988,3.3364603494170124,53.270793011659755,66.72920698834025,-3.33984375,-3.193471931172011,-18.535997007355146,-6.307413612540099,321.72802197802196,398.9954212454212,2.634529238528994,2.6420084968076036,-0.3275166015401059
94900,2.6470738047868,3.3529261952132,52.94147609573601,67.05852390426399,-3.779296875,-3.3849274254042063,-13.14759995970757,-5.148553383953641,319.1767399267399,401.91117216117215,2.633207220364933,2.6413959473474833,-0.3293169159237448
94933,2.6336528515615156,3.3663471484384844,52.673057031230314,67.32694296876969,-4.21875,-3.537051498391599,-13.206684846359437,-3.994877736209987,318.4478021978022,404.09798534798534,2.633207220364933,2.6410732542421447,-0.268419064505695
94966,2.61962244548618,3.38037755451382,52.392448909723605,67.6075510902764,-4.482421875,-3.651172350628021,-7.891813308416535,-2.836495237849002,316.260989010989,404.64468864468864,2.632041030201178,2.641114427174958,-0.2806081215067103
95000,2.608018089989685,3.391981910010315,52.160361799793705,67.8396382002063,-4.74609375,-3.7264390387795965,-7.91319927034427,-1.6812433473700334,314.2564102564103,406.83150183150184,2.630444551834787,2.641114427174958,-0.23208710992990222
95033,2.599210583759275,3.400789416240725,51.98421167518549,68.01578832481451,-5.009765625,-3.763222164911743,-7.908672266576476,-0.5253301790577357,314.8031135531136,407.92490842490844,2.628721214845721,2.640958938699862,-0.17615012460821056
95066,2.5934276438694575,3.4065723561305425,51.86855287738915,68.13144712261085,-5.2734375,-3.7644322603402287,-7.935590532241006,0.3064835912387392,313.5274725274725,408.10714285714283,2.628721214845721,2.640028922602335,-0.11565879779634376
95100,2.5887663084823207,3.4112336915176793,51.77532616964642,68.22467383035358,-5.44921875,-3.74467679452873,-5.251954903368329,0.874015643315842,310.97619047619054,409.9294871794872,2.6294313186230416,2.638630007921269,-0.09322670774272758
95133,2.5868058082932333,3.4131941917067663,51.736116165864665,68.26388383413533,-5.625,-3.706140386096718,-5.275392877104869,1.4390262146916766,311.34065934065933,410.29395604395603,2.6284665060506662,2.638630007921269,-0.03921000378175468
95166,2.5837380872270033,3.4162619127729967,51.67476174454006,68.32523825545994,-5.625,-3.6489967994238146,0.0,2.002178461120766,310.4294871794872,409.20054945054943,2.627769833984605,2.638841720880397,-0.061354421324603975
95200,2.5843955950469932,3.4156044049530068,51.687911900939866,68.31208809906013,-5.712890625,-3.572488870520948,-2.626035512281452,2.5696979652906644,310.4294871794872,410.65842490842493,2.627769833984605,2.6382419336637657,0.013150156399800592
95233,2.5856662597137468,3.4143337402862532,51.71332519427493,68.28667480572507,-5.712890625,-3.4774611761938923,0.0,3.1346516981198844,310.79395604395603,409.7472527472528,2.6274494897121863,2.6380963185730533,0.025413293335060323
95266,2.589048095019529,3.4109519049804704,51.78096190039059,68.2190380996094,-5.712890625,-3.3638084693128363,0.0,3.698698252728697,310.06501831501834,410.1117216117216,2.626943809842463,2.6380963185730533,0.06763670611565872
95300,2.5947436376883184,3.4052563623116816,51.894872753766364,68.10512724623364,-5.712890625,-3.230999821268211,0.0,4.264309511749175,310.61172161172163,410.1117216117216,2.6270438912900076,2.638682933772384,0.11391085337578022
95333,2.6029589487136464,3.3970410512863536,52.059178974272925,67.94082102572708,-5.712890625,-3.079244449627251,0.0,4.830201504299913,312.2518315018315,410.4761904761905,2.6270438912900076,2.637671786034114,0.16430622050655935
95366,2.613900603110375,3.386099396889625,52.27801206220751,67.72198793779249,-5.712890625,-2.9089946574593624,0.0,5.394864465273111,312.434065934066,409.9294871794872,2.628090236846187,2.6368080265122655,0.21883308793458792
95400,2.6277851647280137,3.3722148352719863,52.555703294560274,67.44429670543973,-5.712890625,-2.72014349787417,0.0,5.958952139708797,310.97619047619054,409.01831501831504,2.6277928732119853,2.6368080265122655,0.2776912323527617
95433,2.6448561243385678,3.3551438756614322,52.89712248677135,67.10287751322865,-5.712890625,-2.5114574392898206,0.0,6.525819764214833,312.434065934066,409.3827838827839,2.6282232842873774,2.636979608304463,0.3414191922110743
95466,2.665344207916709,3.334655792083291,53.30688415833418,66.69311584166583,-5.712890625,-2.284251500472938,0.0,7.091657427800397,311.70512820512823,409.01831501831504,2.629044981844953,2.6355701626883783,0.409761671562824
95500,2.6894722208021387,3.310527779197861,53.78944441604278,66.21055558395722,-5.712890625,-2.0395920841655304,0.0,7.6543314472131145,312.79853479853483,409.3827838827839,2.629044981844953,2.634878812001577,0.48256025770860145
95533,2.717509485132288,3.2824905148677117,54.35018970264576,65.64981029735424,-5.712890625,-1.7749182629087872,0.0,8.21977659935625,313.89194139194143,409.01831501831504,2.628985820668011,2.634878812001577,0.5607452866029818
95566,2.7416746634536286,3.258325336546372,54.83349326907257,65.16650673092744,-5.361328125,-1.4909665622092987,10.527505548437203,8.78603661793539,319.7234432234432,401.7289377289377,2.636205438127086,2.6352895733461965,0.48330356642681
95600,2.743166056979342,3.256833943020658,54.863321139586844,65.13667886041316,-3.955078125,-1.1886702452621072,42.1864044180403,9.35127137256177,325.55494505494505,396.44413919413915,2.637338119727799,2.6273362024140257,0.029827870514276045
95633,2.7455922710669953,3.254407728933005,54.91184542133991,65.0881545786601,-2.900390625,-0.8669659013704978,31.58568706621245,9.917474552655984,330.11080586080584,392.7994505494505,2.637338119727799,2.639926493244909,0.048524281753065474
95666,2.7635787152214117,3.2364212847785883,55.271574304428235,64.72842569557176,-2.724609375,-0.5283294127674067,5.294141085748161,10.480484244964517,330.83974358974353,390.0659340659341,2.6331265530674846,2.639926493244909,0.3597288830883243
95700,2.7860123277387014,3.2139876722612986,55.720246554774036,64.27975344522596,-2.63671875,-0.17311723853647276,2.6264599027109607,10.63629634888376,332.11538461538464,387.3324175824176,2.639938165805192,2.6415314668799574,0.4486722503458014
95733,2.8055090078219793,3.1944909921780207,56.11018015643958,63.88981984356042,-2.28515625,0.18038358059674042,10.57797530518685,10.63629634888376,334.8489010989011,387.51465201465203,2.6410484341449503,2.6377130251746514,0.3899336016655466
95766,2.8220740850121495,3.1779259149878505,56.44148170024299,63.55851829975701,-1.7578125,0.5358475728591143,15.7793321541035,10.63629634888376,336.8534798534798,383.8699633699634,2.6410484341449503,2.6375941191833845,0.33130154380340193
95800,2.8401776758640924,3.1598223241359076,56.80355351728185,63.19644648271815,-1.318359375,0.8889225465861323,13.238416814432474,10.63629634888376,339.2225274725275,382.0476190476191,2.641183926933678,2.6375941191833845,0.36207181703886115
95833,2.8605822821524147,3.1394177178475853,57.211645643048286,62.788354356951714,-0.966796875,1.24393666605628,10.532885116612595,10.63629634888376,341.77380952380946,380.0430402930403,2.6414406325925635,2.6386499825044445,0.4080921257664375
95866,2.883964243601266,3.116035756398734,57.67928487202533,62.32071512797467,-0.703125,1.5996506112900808,7.884122168790762,10.63629634888376,342.68498168498166,376.7628205128205,2.643627213020854,2.637855110891739,0.46763922897703886
95900,2.9049631925128083,3.0950368074871917,58.09926385025617,61.90073614974383,-0.263671875,1.9534884414544762,13.209875458402578,10.63629634888376,345.2362637362637,374.3937728937729,2.643627213020854,2.637615539154229,0.41997897823084684
95933,2.9262197588482377,3.0737802411517623,58.52439517696476,61.47560482303524,0.17578125,2.3077857915604563,13.192742388688137,10.63629634888376,349.9743589743589,372.753663003663,2.645021763360302,2.637615539154229,0.4251313267085847
95966,2.9457165000051946,3.0542834999948054,58.914330000103895,61.085669999896105,0.703125,2.6633648153460356,15.774227464311851,10.63629634888376,350.88553113553104,369.10897435897436,2.644542600537912,2.6380963185730533,0.3899348231391388
96000,2.964625443226922,3.035374556773078,59.29250886453844,60.70749113546156,1.23046875,3.0174902190946686,15.838977784019873,10.63629634888376,353.61904761904754,366.0109890109891,2.6456723163692444,2.6376072334202756,0.3781788644345446
96033,2.9849437204134692,3.0150562795865308,59.69887440826939,60.30112559173061,1.669921875,3.372358185190349,13.171528893883924,10.63629634888376,357.2637362637363,366.0109890109891,2.6456723163692444,2.6376072334202756,0.40636554373094647
96066,3.009319827402137,2.990680172597863,60.186396548042744,59.813603451957256,1.93359375,3.7268257160181353,7.9118451126299725,10.63629634888376,357.81043956043965,361.2728937728938,2.647031861091748,2.637658671315784,0.4875221397733508
96100,3.0331119557295243,2.9668880442704757,60.662239114590484,59.337760885409516,2.28515625,4.0798770559221085,10.591442412232452,10.63629634888376,362.54853479853483,359.2683150183151,2.6468275110357924,2.637658671315784,0.4758425665477371
96133,3.0536669622360444,2.9463330377639556,61.073339244720884,58.926660755279116,2.8125,4.4343430125753365,15.823760497877446,10.63629634888376,364.5531135531136,356.8992673992675,2.647106282617529,2.6375214097999424,0.4111001301303983
96166,3.075591636622471,2.924408363377529,61.51183273244942,58.48816726755058,3.251953125,4.790516286251046,13.123257735499841,10.63629634888376,366.1932234432235,353.43681318681314,2.647106282617529,2.6372604676138174,0.43849348772853824
96200,3.0954411468746947,2.9045588531253053,61.908822937493895,58.091177062506105,3.779296875,5.145068907478429,15.819892639108392,10.63629634888376,370.0201465201465,351.9789377289377,2.647822530471894,2.6370407875266246,0.3969902050444719
96233,3.114456387408548,2.885543612591452,62.28912774817096,57.71087225182904,4.306640625,5.498503941113092,15.869916304136227,10.63629634888376,372.57142857142856,348.69871794871796,2.6468806837188663,2.6370407875266246,0.38030481067706834
96266,3.13265758135488,2.86734241864512,62.6531516270976,57.3468483729024,4.833984375,5.854084932636216,15.77414017185137,10.63629634888376,375.30494505494505,345.782967032967,2.646945577070507,2.6372109352238744,0.36402387892663507
96300,3.151902452602181,2.848097547397819,63.03804905204362,56.96195094795638,5.2734375,6.20846757516641,13.189567173975869,10.63629634888376,377.49175824175825,345.0540293040293,2.646945577070507,2.636580102070213,0.3848974249460191
96333,3.170518385425894,2.829481614574106,63.410367708517875,56.589632291482125,5.712890625,6.554114127000523,13.226729023047278,10.123946542348465,379.49633699633705,341.40934065934067,2.6475117006450617,2.635961141430293,0.3723186564742573
96366,3.1883770170535364,2.8116229829464636,63.767540341070735,56.232459658929265,6.15234375,6.883390146466993,13.132830107332644,9.556541664769794,380.4075091575092,338.8580586080586,2.646249745932801,2.635961141430293,0.35717263255286275
96400,3.2051606687348455,2.794839331265154,64.1032133746969,55.896786625303086,6.591796875,7.1911874363507735,13.242516991632224,8.993836563917656,383.50549450549454,337.2179487179487,2.6457053992666637,2.6364449633869897,0.3356730336261763
96433,3.22078566035895,2.77921433964105,64.415713207179,55.584286792821,7.03125,7.482367096512785,13.145903262321804,8.426995951247843,386.23901098901104,335.7600732600732,2.6457053992666637,2.634809560960558,0.3124998324820957
96466,3.236990135063308,2.763009864936692,64.73980270126616,55.26019729873384,7.3828125,7.754159163681504,10.534311043909296,7.861101754408387,387.51465201465203,332.4798534798535,2.646405701899209,2.63305242962985,0.32408949408716353
96500,3.2522492918876056,2.7477507081123944,65.04498583775211,54.95501416224789,7.734375,8.005815434790168,10.58867187643933,7.298112783080032,389.8836996336996,331.7509157509157,2.645001716382022,2.63305242962985,0.3051831364859527
96533,3.2664299461475226,2.7335700538524774,65.32859892295045,54.67140107704955,8.0859375,8.239731202625206,10.543789464863666,6.732727301198434,392.0705128205128,331.2042124542124,2.6447231308746413,2.6333621701127177,0.28361308519833994
96566,3.281327527538075,2.718672472461926,65.6265505507615,54.373449449238514,8.349609375,8.454886300680748,7.904343080266751,6.167091539923171,391.88827838827837,327.0128205128205,2.6447231308746413,2.6311602901941757,0.2979516278110412
96600,3.295449391847945,2.704550608152055,65.9089878369589,54.0910121630411,8.61328125,8.651053294420736,7.909410313208466,5.601818158148912,394.07509157509156,325.91941391941384,2.64422050075057,2.629487303913227,0.2824372861974105
96633,3.3066252092295283,2.6933747907704717,66.13250418459056,53.86749581540944,8.96484375,8.828872923287317,10.514759559686363,5.034871719325363,396.808608058608,325.0082417582417,2.643197982664125,2.629487303913227,0.2235163476316601
96666,3.3158919233469084,2.6841080766530916,66.31783846693817,53.68216153306184,9.31640625,8.986675010320743,10.589983114847296,4.471952456584307,397.3553113553113,323.00366300366295,2.642833599031848,2.6290828286452093,0.18533428234760463
96700,3.327120385368604,2.672879614631396,66.54240770737208,53.45759229262792,9.4921875,9.126705482976002,5.257860352723746,3.9050578371444913,399.72435897435895,321.9102564102564,2.642225437718804,2.628134584870694,0.22456924043390877
96733,3.335442356944526,2.6645576430554745,66.70884713889052,53.29115286110949,9.755859375,9.247096519387364,7.9356127432298535,3.341650919461683,401.1822344322344,321.54578754578756,2.642225437718804,2.62693063022273,0.1664394315184347
96766,3.3420044597833045,2.6579955402166955,66.84008919566608,53.15991080433391,10.01953125,9.349112866284962,7.9060284331494675,2.7761357365360793,400.99999999999994,319.54120879120876,2.641813053736181,2.62693063022273,0.13124205677556683
96800,3.3485855523435846,2.6514144476564154,66.97171104687169,53.02828895312831,10.1953125,9.432180711908636,5.2769943000275665,2.2112966303597736,401.7289377289377,319.1767399267399,2.6408529516097623,2.6271703410069382,0.13162185120560793
96833,3.3557028802602518,2.6442971197397482,67.11405760520503,52.88594239479497,10.283203125,9.49663992756876,2.628586507787513,1.6443278935701573,403.36904761904765,318.4478021978022,2.640571664199255,2.626109923636743,0.1423465583333464
96866,3.359849508063745,2.640150491936255,67.1969901612749,52.803009838725096,10.458984375,9.541940353460014,5.286681323849751,1.080523767477207,403.7335164835165,316.80769230769226,2.640571664199255,2.6248467470046206,0.08293255606986816
96900,3.364172432251843,2.635827567748157,67.28344864503687,52.71655135496313,10.546875,9.568566020498169,2.6323405886430895,0.5143636063292366,405.0091575091575,317.17216117216117,2.6404162236515467,2.6248467470046206,0.08645848376197514
96933,3.3651785141325616,2.6348214858674384,67.30357028265124,52.69642971734877,10.72265625,9.576367404148584,5.277448994517689,0.0,404.64468864468864,316.62545787545787,2.6396287232307722,2.6251615514294335,0.020121637614361386
96966,3.3683463558830744,2.631653644116925,67.36692711766149,52.6330728823385,10.72265625,9.576367404148584,0.0,0.0,404.2802197802198,316.07875457875457,2.6395181482746346,2.623851492804572,0.06335683501025932
97000,3.3690229208771267,2.630977079122873,67.38045841754254,52.61954158245745,10.810546875,9.576367404148584,2.6350662736679547,0.0,404.64468864468864,316.260989010989,2.6395181482746346,2.623641870350039,0.013531299881059305
97033,3.3705009972167774,2.629499002783222,67.41001994433555,52.58998005566445,10.810546875,9.576367404148584,0.0,0.0,405.3736263736264,316.07875457875457,2.639795911754304,2.623641870350039,0.029561526793010412
97066,3.3714660166345527,2.6285339833654473,67.42932033269105,52.570679667308944,10.810546875,9.576367404148584,0.0,0.0,404.64468864468864,314.98534798534797,2.6391640050779532,2.6235976359937965,0.01930038835551101
97100,3.36990396242322,2.630096037576781,67.3980792484644,52.60192075153561,10.8984375,9.576367404148584,2.6321508366654975,0.0,404.8269230769231,316.80769230769226,2.6390486468007297,2.623038731540419,-0.031241084226655946
97133,3.369107498183199,2.630892501816801,67.38214996366398,52.61785003633602,10.8984375,9.576367404148584,0.0,0.0,405.3736263736264,316.07875457875457,2.6390486468007297,2.622870098015997,-0.015929284800417803
97166,3.3677617977367396,2.6322382022632604,67.3552359547348,52.64476404526521,10.8984375,9.576367404148584,0.0,0.0,404.09798534798534,315.7142857142857,2.6399794581085194,2.6230797724935404,-0.026914008929188327
97200,3.365864537677897,2.634135462322103,67.31729075355794,52.68270924644206,10.8984375,9.576367404148584,0.0,0.0,404.8269230769231,315.7142857142857,2.6388335551699025,2.6230797724935404,-0.03794520117685449
97233,3.3634159986325303,2.6365840013674693,67.2683199726506,52.73168002734939,10.8984375,9.576367404148584,0.0,0.0,405.9203296703297,316.80769230769226,2.6385606089427367,2.6231567991360705,-0.048970780907333394
97266,3.3604175831517544,2.6395824168482456,67.20835166303509,52.791648336964904,10.8984375,9.576367404148584,0.0,0.0,404.09798534798534,316.260989010989,2.6385606089427367,2.6228734213988,-0.05996830961550828
97300,3.3568660754323094,2.6431339245676906,67.13732150864618,52.86267849135381,10.8984375,9.576367404148584,0.0,0.0,404.46245421245425,315.8965201465201,2.6391887986155362,2.6230797724935404,-0.07103015438890287
97333,3.3527642169352045,2.6472357830647955,67.05528433870408,52.944715661295916,10.8984375,9.576367404148584,0.0,0.0,404.8269230769231,317.53663003663,2.637977386663298,2.6230797724935404,-0.08203716994209351
97366,3.3481119843920726,2.651888015607928,66.96223968784145,53.03776031215856,10.8984375,9.576367404148584,0.0,0.0,404.46245421245425,316.07875457875457,2.6376436623692747,2.623355089703787,-0.09304465086264367
97400,3.342909769829705,2.657090230170295,66.8581953965941,53.141804603405895,10.8984375,9.576367404148584,0.0,0.0,403.36904761904765,316.9899267399268,2.6376436623692747,2.6231190802249116,-0.10404429124734232
97433,3.337156870898367,2.662843129101633,66.74313741796735,53.25686258203265,10.8984375,9.576367404148584,0.0,0.0,405.191391941392,316.9899267399268,2.6383161305735547,2.623173129798249,-0.11505797862675515
97466,3.3308516714500507,2.6691483285499493,66.61703342900101,53.38296657099898,10.8984375,9.576367404148584,0.0,0.0,402.82234432234435,316.260989010989,2.6371746609176157,2.623173129798249,-0.12610398896633024
97500,3.3239961199846846,2.6760038800153154,66.47992239969369,53.52007760030631,10.8984375,9.576367404148584,0.0,0.0,404.2802197802198,317.17216117216117,2.636877356357633,2.6240056174746202,-0.1371110293073215
97533,3.316588579234069,2.683411420765931,66.33177158468138,53.66822841531862,10.8984375,9.576367404148584,0.0,0.0,404.09798534798534,318.26556776556777,2.636877356357633,2.62327805432722,-0.14815081501231747
97566,3.3086308544850063,2.6913691455149937,66.17261708970013,53.82738291029988,10.8984375,9.576367404148584,0.0,0.0,403.1868131868132,316.4432234432235,2.6375941191833845,2.6233254603112255,-0.15915449498125772
97600,3.3001213773161346,2.6998786226838654,66.00242754632269,53.99757245367731,10.8984375,9.576367404148584,0.0,0.0,403.91575091575095,316.80769230769226,2.6364745240861245,2.6233254603112255,-0.17018954337742867
97633,3.2910616711653606,2.7089383288346394,65.82123342330722,54.17876657669278,10.8984375,9.576367404148584,0.0,0.0,404.2802197802198,318.6300366300366,2.6361327861574186,2.624154839285907,-0.18119412301547472
97666,3.283470668218738,2.716529331781262,65.66941336437476,54.330586635625245,10.810546875,9.576367404148584,-2.6445026583284146,0.0,402.4578754578755,321.9102564102564,2.6361327861574186,2.6262790144888535,-0.1518200589324635
97700,3.2881462596685673,2.7118537403314327,65.76292519337134,54.237074806628655,10.1953125,9.576367404148584,-18.46474785330666,0.0,398.63095238095235,322.6391941391941,2.63541996613923,2.6312771642873436,0.09351182899658059
97733,3.297426845911996,2.702573154088004,65.94853691823992,54.05146308176007,9.580078125,9.576367404148584,-18.449315376131516,0.0,397.53754578754575,326.10164835164835,2.635774666033963,2.6312771642873436,0.18561172486858474
97766,3.2994944753311897,2.7005055246688103,65.9898895066238,54.0101104933762,9.4921875,9.576367404148584,-2.634842478781427,0.0,395.16849816849816,325.3727106227106,2.6392252603349142,2.6313956433655155,0.04135258838387381
97800,3.3002797137848523,2.6997202862151477,66.00559427569705,53.99440572430295,9.4921875,9.576367404148584,0.0,0.0,394.9862637362637,325.91941391941384,2.639314667668732,2.6308838885440355,0.015704769073252217
97833,3.30110006238648,2.69889993761352,66.0220012477296,53.9779987522704,9.4921875,9.576367404148584,0.0,0.0,396.0796703296703,326.10164835164835,2.639314667668732,2.63080318283297,0.01640697203255021
97866,3.301955550364385,2.698044449635615,66.0391110072877,53.96088899271229,9.4921875,9.576367404148584,0.0,0.0,394.9862637362637,326.28388278388275,2.6390582718544913,2.63080318283297,0.017109759558100027
97900,3.302846105933105,2.6971538940668953,66.0569221186621,53.943077881337906,9.4921875,9.576367404148584,0.0,0.0,395.532967032967,326.6483516483516,2.6389723774032072,2.631622895852305,0.017811111374392414
97933,3.303771756683653,2.696228243316347,66.07543513367305,53.924564866326946,9.4921875,9.576367404148584,0.0,0.0,396.0796703296703,326.6483516483516,2.6389029649172633,2.631063167213971,0.01851301501095569
97966,3.3047323677735023,2.695267632226498,66.09464735547004,53.90535264452996,9.4921875,9.576367404148584,0.0,0.0,396.44413919413915,325.55494505494505,2.6389029649172633,2.630924968596559,0.019212221796985535
98000,3.3057282117340407,2.6942717882659597,66.11456423468081,53.885435765319194,9.4921875,9.576367404148584,0.0,0.0,395.35073260073256,326.10164835164835,2.639082918065529,2.630924968596559,0.01991687921076245
98033,3.3067590844689843,2.6932409155310157,66.13518168937968,53.86481831062032,9.4921875,9.576367404148584,0.0,0.0,396.44413919413915,326.4661172161172,2.6386499825044445,2.631703494061027,0.020617454698865605
98066,3.3078249851196984,2.6921750148803016,66.15649970239397,53.84350029760603,9.4921875,9.576367404148584,0.0,0.0,395.35073260073256,325.73717948717945,2.6389077770390736,2.6309891308862063,0.0213180130142968
98100,3.30884059704939,2.69115940295061,66.17681194098779,53.82318805901221,9.4921875,9.576162830773255,0.0,-0.1674862928199488,395.35073260073256,326.28388278388275,2.6389077770390736,2.630864002079787,0.02031223859381416
98133,3.3084049039247305,2.691595096075269,66.16809807849461,53.831901921505384,9.4921875,9.532588739604432,0.0,-2.450112179563417,396.9908424908425,327.0128205128205,2.6394204163013755,2.630864002079787,-0.008713862493174466
98166,3.3058854829874305,2.694114517012569,66.11770965974861,53.88229034025138,9.4921875,9.41219248424191,0.0,-4.744693042662271,395.532967032967,325.73717948717945,2.6385476333871227,2.631423667160783,-0.05038841874599077
98200,3.300637352203519,2.699362647796481,66.01274704407038,53.98725295592962,9.4921875,9.216016078234986,0.0,-7.029392225001241,396.44413919413915,326.28388278388275,2.638628695730315,2.630924968596559,-0.10496261567822932
98233,3.2919914211156787,2.7080085788843213,65.83982842231357,54.16017157768643,9.4921875,8.944949707098253,0.0,-9.3049295527775,396.26190476190476,326.28388278388275,2.638628695730315,2.6310714420565224,-0.17291862175680522
98266,3.279203989218626,2.720796010781374,65.58407978437252,54.41592021562748,9.4921875,8.59553147959808,0.0,-11.59719331603869,396.26190476190476,326.28388278388275,2.639514647334092,2.6311472240093314,-0.2557486379410535
98300,3.261539059593454,2.7384609404065454,65.23078119186908,54.76921880813091,9.4921875,8.170930213659814,0.0,-13.882268351839809,394.8040293040293,326.4661172161172,2.6384651169249635,2.6311472240093314,-0.3532985925034283
98333,3.238232371422388,2.7617676285776116,64.76464742844776,55.235352571552234,9.4921875,7.671528928299831,0.0,-16.161579091178567,394.8040293040293,326.6483516483516,2.638388872822176,2.631199779699948,-0.4661337634213195
98366,3.2084274728719895,2.7915725271280105,64.1685494574398,55.831450542560205,9.4921875,7.092043847417488,0.0,-18.456901445261572,391.88827838827837,325.3727106227106,2.638388872822176,2.631119204629978,-0.596097971007967
98400,3.1834563062268972,2.8165436937731028,63.66912612453795,56.33087387546205,8.96484375,6.441542237755162,-15.885072286103824,-20.732963198864528,386.7857142857143,329.0173992673992,2.6322189744836963,2.6311158655628035,-0.4994233329018498
98433,3.1686502962561516,2.8313497037438484,63.373005925123024,56.626994074876976,7.822265625,5.709011692921893,-34.1287172821037,-23.02829446589263,383.8699633699634,335.9423076923077,2.628385911547619,2.6311158655628035,-0.2961201994149204
98466,3.1469724925278264,2.8530275074721736,62.93944985055652,57.06055014944348,7.03125,4.90961368926885,-23.786952532361074,-24.540549604069586,380.77197802197804,338.6758241758242,2.639354486752686,2.631334805682471,-0.43355607456650425
98500,3.112074376694267,2.887925623305733,62.24148753388535,57.75851246611465,6.767578125,4.090934696683195,-7.903772768370555,-24.540549604069586,378.4029304029304,342.5027472527472,2.639354486752686,2.633207220364933,-0.697962316671177
98533,3.0777331040276033,2.9222668959723967,61.55466208055206,58.44533791944794,6.240234375,3.2737022222224303,-15.835525214303512,-24.540549604069586,375.12271062271066,345.782967032967,2.6403997317040115,2.6386945980859435,-0.6868254533332866
98566,3.0418653299583855,2.9581346700416145,60.83730659916771,59.16269340083229,5.625,2.4558844065579075,-18.46155636209529,-24.540549604069586,370.0201465201465,348.69871794871796,2.639951297528048,2.6386945980859435,-0.7173554813843501
98600,3.005111043352976,2.994888956647024,60.10222086705952,59.89777913294048,4.921875,1.6390850236896175,-21.12522891455689,-24.540549604069586,366.9221611721612,354.1657509157509,2.640710623613105,2.6397264667740923,-0.7350857321081906
98633,2.9680724657398283,3.0319275342601717,59.361449314796566,60.638550685203434,4.130859375,0.8208463866222995,-23.724079142096954,-24.540549604069586,362.36630036630044,359.4505494505495,2.640710623613105,2.6400405958419713,-0.7407715522629589
98666,2.92937616098198,3.07062383901802,58.58752321963961,61.41247678036039,3.33984375,4.1936470491776845e-06,-23.648830858152422,-24.540549604069586,357.6282051282052,363.459706959707,2.6426295887998683,2.640991933228513,-0.7739260951569623
98700,2.8851350656700823,3.1148649343299177,57.70270131340164,62.29729868659836,2.724609375,-0.8157281170567252,-18.5087552616253,-24.540549604069586,352.7078754578754,368.01556776556777,2.6431449209135094,2.640991933228513,-0.8848219062379652
98733,2.841775670959554,3.158224329040446,56.83551341919108,63.16448658080892,1.93359375,-1.6354087321948332,-23.68234385979215,-24.540549604069586,348.88095238095235,374.029304029304,2.640722301374384,2.6430588268720094,-0.8671878942105623
98766,2.7987921643981566,3.2012078356018434,55.97584328796313,64.02415671203687,1.0546875,-2.451936794759126,-26.415310648007853,-24.540549604069586,341.40934065934067,378.4029304029304,2.640722301374384,2.6424622771235122,-0.8596701312279525
98800,2.756785366926171,3.2432146330738294,55.135707338523424,64.86429266147658,0.087890625,-3.27121114107617,-28.95944047882533,-24.540549604069586,336.489010989011,383.32326007326014,2.640886090138294,2.6423480174944944,-0.840135949439707
98833,2.713366740091581,3.286633259908419,54.26733480183162,65.73266519816838,-0.791015625,-4.075192807203575,-26.38039563682827,-23.17358819509618,332.11538461538464,388.7902930402931,2.6395757689217416,2.6423480174944944,-0.8683725366918006
98866,2.6708486021424966,3.3291513978575034,53.416972042849935,66.58302795715007,-1.669921875,-4.809980341100029,-26.351131227786478,-20.886816951066095,326.10164835164835,393.89285714285717,2.637529569420658,2.6429608981865327,-0.8503627589816847
98900,2.6278890961040577,3.3721109038959423,52.557781922081155,67.44221807791885,-2.4609375,-5.46875438521306,-23.706133691875404,-18.599092224194433,320.4523809523809,398.08424908424905,2.634227581856866,2.6420416570889804,-0.8591901207687818
98933,2.588543746522555,3.411456253477445,51.7708749304511,68.2291250695489,-3.33984375,-6.049306752460874,-26.431712598484754,-16.31929257387515,316.4432234432235,405.191391941392,2.634227581856866,2.641559652747977,-0.7869069916300516
98966,2.552116202914158,3.4478837970858423,51.042324058283164,68.95767594171684,-4.21875,-6.555662524810486,-26.34077691977199,-14.031622421893662,310.61172161172163,409.01831501831504,2.6317364605214357,2.641559652747977,-0.7285508721679363
99000,2.517407156488807,3.482592843511193,50.34814312977615,69.65185687022385,-5.009765625,-6.985461716471531,-23.720285157780914,-11.745262546171897,305.69139194139194,413.7564102564102,2.6281180629264425,2.639947795725705,-0.6941809285070123
99033,2.4844782421803586,3.5155217578196414,49.68956484360717,70.31043515639283,-5.712890625,-7.33874518617451,-21.102826747738266,-9.460866816265291,301.86446886446885,419.04120879120876,2.6240695268083223,2.635159335741577,-0.6585782861689742
99066,2.453365477428994,3.546634522571006,49.06730954857987,70.93269045142013,-6.328125,-7.616057201169079,-18.453988739837065,-7.175111308758238,298.03754578754575,422.1391941391941,2.6240695268083223,2.633231930008483,-0.6222552950272979
99100,2.42612190511521,3.5738780948847904,48.5224381023042,71.47756189769581,-6.943359375,-7.817424386027359,-18.42463705313244,-4.885714438908674,296.03296703296706,426.5128205128205,2.6203214797366785,2.633231930008483,-0.5448714462756721
99133,2.4055763974646167,3.5944236025353833,48.11152794929234,71.88847205070766,-7.646484375,-7.942138027992868,-21.106862004096097,-2.6017554448082283,292.3882783882784,430.15750915750914,2.6153350754952513,2.6318220019353507,-0.4109101530118626
99166,2.3872015076185757,3.612798492381424,47.744030152371515,72.25596984762848,-8.173828125,-7.990766362454586,-15.831096961382796,-0.3179335737266483,287.1034798534799,432.1620879120879,2.611006726358964,2.6279357521676037,-0.3674977969208203
99199,2.371985815479704,3.6280141845202962,47.43971630959408,72.56028369040592,-8.61328125,-7.973987848169354,-13.231352979424383,1.2259096996529182,287.28571428571433,434.5311355311355,2.611006726358964,2.6250041421383354,-0.30431384277743245
99233,2.3556729841501807,3.6443270158498193,47.11345968300362,72.88654031699639,-8.7890625,-7.9089389761144755,-5.252591278691061,2.66159409320492,285.098901098901,435.8067765567765,2.608196092933674,2.6250041421383354,-0.32625662659046456
99266,2.34475240803402,3.65524759196598,46.8950481606804,73.1049518393196,-9.052734375,-7.796659216214072,-7.926057744273273,4.088734211501308,283.27655677655673,437.4468864468864,2.6067705731722164,2.6239401200597605,-0.21841152232321753
99300,2.3404244985455454,3.6595755014544546,46.80848997091091,73.19151002908909,-9.404296875,-7.635988762337163,-10.515685477485714,5.522984663489372,281.4542124542124,440.5448717948717,2.6044768439680657,2.6234712995812113,-0.08655818976949198
99333,2.339980109248018,3.660019890751982,46.79960218496036,73.20039781503964,-9.66796875,-7.4285125664822385,-7.925779943712215,6.950174803402356,281.27197802197793,440.3626373626373,2.6044768439680657,2.620879371570127,-0.008887785950554061
99366,2.3392381337045745,3.6607618662954255,46.78476267409148,73.21523732590852,-9.66796875,-7.173398418987882,0.0,8.378177731883794,280.3608058608058,439.63369963369956,2.602757676211101,2.619301111320356,-0.014839510868874375
99400,2.3426646662860904,3.65733533371391,46.85329332572181,73.14670667427819,-9.66796875,-6.869230859996044,0.0,9.812828529262285,281.8186813186813,439.815934065934,2.60167660206675,2.619301111320356,0.0685306516303219
99433,2.350727705487179,3.6492722945128206,47.01455410974358,72.98544589025641,-9.66796875,-6.520015286459463,0.0,11.2363023045185,282.72985347985343,440.3626373626373,2.601777241603719,2.619026432035272,0.16126078402177083
99466,2.3639723720879346,3.6360276279120654,47.27944744175869,72.72055255824131,-9.66796875,-6.121550022529739,0.0,12.666610650707181,280.90750915750914,438.90476190476187,2.601777241603719,2.6187095591733973,0.26489333201511567
99500,2.3829534903095193,3.6170465096904807,47.65906980619039,72.34093019380961,-9.66796875,-5.674532076372084,0.0,14.099553459599163,281.4542124542124,439.2692307692307,2.6019761110775965,2.617850053676531,0.37962236443169983
99533,2.4082140576791833,3.5917859423208167,48.16428115358367,71.83571884641633,-9.66796875,-5.181401694720514,0.0,15.527661193330115,282.1831501831501,438.90476190476187,2.601804508072256,2.617850053676531,0.5052113473932869
99566,2.440328937278625,3.5596710627213746,48.8065787455725,71.19342125442749,-9.66796875,-4.640441837543074,0.0,16.935671383946207,282.3653846153845,437.6291208791209,2.6022236947434076,2.6173503112600724,0.6422975919888309
99600,2.4790054388851868,3.5209945611148132,49.58010877770373,70.41989122229627,-9.66796875,-4.07611178520742,0.0,16.935671383946207,281.08974358974353,438.1758241758241,2.6022236947434076,2.6163285106656917,0.7735300321312258
99633,2.5245129912063304,3.4754870087936696,50.4902598241266,69.50974017587339,-9.66796875,-3.50902372490949,0.0,16.935671383946207,289.1080586080587,434.16666666666663,2.6024197592429172,2.6127921137012047,0.9101510464228771
99666,2.5507937128228577,3.4492062871771423,51.01587425645716,68.98412574354285,-8.525390625,-2.9463395488302866,34.389322604234216,16.935671383946207,296.03296703296706,426.3305860805861,2.6178777172811105,2.6127921137012047,0.5256144323305567
99700,2.5546986581321924,3.4453013418678076,51.09397316264385,68.90602683735615,-6.50390625,-2.382411871160883,60.70848521616968,16.935671383946207,303.14010989010984,418.67673992673986,2.6176133460733864,2.609926533128987,0.07809890618668486
99733,2.5770957041626845,3.4229042958373155,51.54191408325369,68.45808591674631,-5.712890625,-1.8154028496294896,23.626397774739974,16.935671383946207,308.6071428571429,413.5741758241758,2.6176133460733864,2.6300234608576285,0.44794092060983903
99766,2.6153599169048762,3.3846400830951238,52.30719833809752,67.69280166190248,-5.625,-1.2527312229117986,2.645391507321315,16.935671383946207,311.15842490842493,410.1117216117216,2.622030062779205,2.627899669059746,0.7652842548438326
99800,2.647118539742106,3.352881460257894,52.94237079484212,67.05762920515788,-5.009765625,-0.6889396571878321,18.48095614152711,16.935671383946207,315.3498168498168,406.46703296703294,2.6324182935044633,2.627899669059746,0.6351724567445983
99833,2.67833937296279,3.32166062703721,53.56678745925579,66.43321254074421,-4.306640625,-0.12220441770501855,21.0113878796455,16.935671383946207,318.99450549450546,404.2802197802198,2.6320740030041114,2.6278470673061993,0.624416664413676
99866,2.7081487491297582,3.2918512508702418,54.162974982595166,65.83702501740484,-3.515625,0.44224387945457977,23.73358330954265,16.935671383946207,320.63461538461536,399.17765567765565,2.6320740030041114,2.6298408067308814,0.5961875233393713
99900,2.737766198176899,3.262233801823101,54.755323963537975,65.24467603646202,-2.724609375,1.005206223897968,23.796228676381684,16.935671383946207,325.55494505494505,395.16849816849816,2.6352121572039837,2.6315338790708513,0.5923489809428107
99933,2.7691929240390243,3.230807075960976,55.38385848078048,64.61614151921952,-2.021484375,1.5697702594594598,21.092193607398453,16.935671383946207,328.65293040293034,391.88827838827837,2.636005834414123,2.6315338790708513,0.6285345172425072
99966,2.802952149725296,3.197047850274704,56.059042994505916,63.940957005494084,-1.40625,2.1354773342954383,18.39444140289396,16.684346169348995,331.7509157509157,387.87912087912093,2.6394898492046597,2.63359287579794,0.6751845137254336
